512
516
512
512
512
516
511
508
512
516
512
507
512
517
512
508
512
516
512
508
512
516
512
507
511
516
511
507
511
515
510
506
511
515
510
506
511
515
511
505
511
515
511
506
511
515
511
506
511
515
511
507
512
516
512
506
511
516
512
506
511
516
512
507
512
516
512
507
511
516
511
507
511
515
512
507
512
516
511
506
511
515
512
506
511
515
510
506
509
515
511
506
510
515
511
507
511
515
511
506
511
516
512
507
511
515
511
506
512
516
512
507
512
516
512
508
512
516
512
507
512
517
512
509
514
518
514
509
515
519
513
508
513
518
513
508
512
517
512
508
511
515
510
506
510
515
509
505
510
515
510
506
510
515
511
507
512
516
512
507
512
516
512
508
512
517
513
509
512
518
513
508
513
517
512
507
512
515
512
507
511
517
512
507
511
515
509
504
507
511
505
499
503
507
502
497
502
506
502
497
503
508
503
498
503
507
502
497
501
506
501
497
501
506
500
496
500
506
501
496
500
505
500
495
500
505
500
496
500
505
500
497
502
508
504
499
505
511
507
503
508
514
509
505
510
515
511
507
511
515
509
504
506
510
506
501
507
512
508
505
512
519
517
513
519
523
519
515
519
522
515
509
513
518
514
511
515
520
516
511
515
520
515
508
512
515
509
504
508
513
508
504
510
516
513
509
513
519
516
512
517
521
518
513
518
523
519
515
519
525
521
518
523
528
524
519
524
529
524
519
524
527
521
515
519
523
516
510
513
517
511
505
508
512
508
502
507
511
507
503
507
511
507
503
508
512
507
501
505
509
504
498
503
507
503
499
505
510
507
504
510
516
512
508
514
519
514
508
513
518
510
505
508
512
505
499
502
505
499
494
498
503
497
492
497
501
497
491
496
500
496
491
496
500
495
490
495
499
494
489
493
498
494
490
495
501
496
493
498
504
500
495
500
505
501
497
502
507
503
499
502
508
504
499
504
510
506
501
506
512
507
503
506
510
504
496
502
506
502
498
504
511
509
506
512
519
517
514
518
523
518
513
516
519
513
506
510
514
509
504
507
512
507
502
506
511
505
500
504
508
504
500
504
510
505
502
506
512
508
504
508
513
509
504
508
514
509
505
509
515
510
506
511
516
512
508
512
518
513
508
512
516
511
506
510
515
510
504
508
513
508
503
507
511
506
500
503
510
506
501
505
509
502
496
499
503
498
494
498
504
502
498
506
510
507
504
508
513
507
503
506
510
504
498
502
506
500
495
499
503
498
493
497
504
498
492
496
501
496
491
495
499
494
488
493
497
492
488
492
498
493
489
494
499
495
491
497
503
499
495
500
506
501
497
503
508
504
500
505
510
505
499
503
506
499
494
498
503
498
495
501
508
505
504
511
518
515
511
516
520
516
511
515
520
515
510
515
521
517
512
517
521
516
512
515
519
514
508
512
516
510
505
510
515
509
505
510
514
510
505
509
513
510
505
510
515
510
506
511
515
510
505
509
514
509
504
509
512
508
504
508
512
507
503
507
511
505
500
504
508
503
498
505
510
505
500
503
505
498
492
495
499
495
491
497
504
501
498
504
510
507
502
506
511
505
499
502
505
500
494
497
502
496
491
495
498
494
488
494
499
495
490
495
500
496
490
496
500
495
491
495
499
494
488
492
497
493
487
492
498
494
489
495
500
496
492
498
504
500
496
502
507
504
499
504
510
506
502
507
512
508
503
507
510
504
497
500
504
499
495
500
506
503
501
507
515
513
510
517
521
516
511
516
520
515
509
513
517
513
507
512
515
509
504
509
513
507
502
506
509
505
502
507
513
510
508
515
521
518
513
518
523
517
512
516
519
514
508
511
515
510
505
509
514
510
505
510
515
511
506
510
515
509
505
509
513
507
502
504
507
501
495
498
500
497
492
499
503
497
491
495
499
493
490
494
500
496
494
499
504
500
496
500
505
500
496
498
502
496
492
495
499
494
488
493
498
492
488
493
497
492
487
491
496
491
487
491
496
491
486
491
495
491
486
492
497
493
489
496
500
496
492
497
502
499
495
499
504
500
496
501
506
502
497
503
508
504
500
504
509
504
499
503
507
499
492
495
498
492
487
492
499
495
492
499
507
505
503
508
514
511
506
510
514
509
502
505
509
504
499
504
509
504
500
505
510
506
503
508
513
508
504
509
515
509
505
510
514
510
506
510
515
511
506
511
515
511
507
512
517
513
509
514
519
515
510
515
519
515
510
514
519
514
508
512
516
511
506
510
514
508
504
508
512
506
502
505
511
506
501
505
509
503
497
502
507
503
497
502
508
503
499
504
509
506
502
507
513
509
504
508
512
505
499
503
505
498
491
495
499
492
487
492
497
493
488
493
499
495
490
495
500
496
491
495
499
494
488
493
497
492
487
492
496
491
486
491
495
491
487
492
497
493
489
495
500
497
494
500
506
502
499
504
511
506
503
508
513
509
505
510
515
511
505
510
515
510
506
511
515
509
503
506
509
502
494
498
504
500
495
500
507
502
499
506
512
508
504
507
510
504
498
503
506
500
495
499
504
500
496
500
506
502
498
503
509
504
499
504
510
505
500
505
510
505
502
506
512
508
504
508
513
508
505
510
515
510
507
512
516
512
507
512
516
512
508
512
517
512
507
512
516
512
505
509
512
507
500
505
510
505
500
505
510
506
501
506
512
507
504
508
513
508
503
507
512
507
500
506
508
504
499
502
507
503
498
504
510
505
502
508
513
509
505
508
513
504
504
506
510
502
497
500
504
497
492
497
501
495
491
494
498
493
489
493
498
493
489
495
501
496
491
496
500
495
490
494
498
492
487
492
496
491
486
492
496
492
487
493
499
497
492
499
504
501
497
503
508
504
499
505
510
505
500
505
510
504
500
504
510
504
499
503
508
502
497
501
506
501
496
499
503
496
492
499
506
502
499
506
513
510
508
513
519
514
508
510
512
505
499
502
505
498
491
494
499
494
489
495
499
495
491
496
502
497
493
499
508
502
497
503
507
503
498
504
509
504
499
505
510
505
501
505
511
507
502
506
510
505
501
504
508
503
498
503
507
502
496
501
505
500
496
500
504
499
494
499
503
499
494
499
504
499
496
502
507
503
498
504
509
504
499
504
508
504
500
505
510
505
499
504
508
502
496
502
508
504
498
504
509
504
500
504
508
503
497
500
504
498
492
495
499
492
487
491
496
490
485
489
494
488
483
488
493
488
484
488
494
488
484
489
495
489
484
489
494
487
483
487
492
487
484
489
495
490
486
492
499
496
492
498
503
499
496
501
507
503
498
503
508
503
498
503
508
504
498
504
508
502
495
496
499
494
491
497
503
499
496
501
508
505
503
509
515
512
508
513
516
512
506
511
515
510
505
509
514
509
505
510
514
510
505
509
513
508
502
507
511
506
500
505
510
506
501
506
510
505
501
505
510
505
500
506
511
507
503
508
513
509
505
509
513
508
503
507
510
506
500
504
509
503
498
502
506
500
496
501
504
499
495
500
504
499
494
497
501
494
487
490
495
491
486
491
496
489
482
486
489
484
478
483
486
481
476
483
490
487
486
492
498
496
492
499
505
500
495
500
505
499
493
497
499
494
488
492
496
490
485
489
495
489
486
490
495
489
483
487
492
487
481
484
487
483
476
482
487
483
479
483
488
484
480
486
492
487
483
488
493
489
484
488
494
489
483
488
494
489
484
490
496
491
486
491
496
489
485
489
494
487
483
487
491
487
481
486
491
487
483
489
495
491
486
490
494
490
486
491
497
494
488
494
499
495
491
497
504
502
499
505
512
509
506
511
516
512
508
512
516
513
508
513
518
514
510
514
519
514
508
512
516
511
506
510
514
509
504
508
513
508
502
506
509
504
499
502
507
501
496
499
504
498
494
498
503
498
494
499
504
499
495
500
506
501
497
503
508
504
500
504
509
504
498
502
507
503
498
503
508
503
498
501
504
497
491
494
497
493
487
492
496
492
487
492
497
493
487
492
497
492
488
492
497
492
487
494
497
493
487
492
496
491
485
489
494
488
483
488
492
487
481
486
491
486
481
487
493
488
484
490
495
490
486
491
495
490
485
489
494
489
484
489
492
488
483
488
495
490
487
493
498
494
489
496
501
497
492
499
504
499
495
499
504
499
494
499
505
500
496
500
504
499
495
499
503
498
495
499
503
498
494
498
502
496
491
494
496
490
484
489
495
491
487
492
499
495
491
497
502
499
494
500
506
500
495
498
502
497
491
494
498
494
489
495
501
497
494
499
505
501
496
502
508
503
498
502
507
501
497
501
506
502
499
502
508
504
500
505
510
506
501
507
511
505
500
504
508
503
499
503
508
504
500
505
510
505
502
507
512
507
503
507
511
506
501
505
510
504
499
504
507
502
496
500
505
500
495
499
503
498
492
496
500
497
493
498
503
497
491
495
500
496
491
497
503
500
497
503
509
504
501
505
510
504
498
501
504
498
492
496
499
492
487
491
495
490
484
488
493
489
484
489
494
491
486
492
496
492
487
492
498
493
488
493
497
493
488
493
498
493
488
495
499
495
491
497
503
499
495
500
505
500
496
500
505
500
495
501
505
500
495
502
506
499
493
495
498
495
491
496
501
496
492
496
502
499
494
498
504
499
496
500
504
499
494
498
502
497
492
496
501
496
492
498
505
502
498
503
509
504
500
505
511
506
503
507
513
508
504
508
512
507
502
506
511
505
500
504
508
503
498
503
507
503
498
502
507
502
498
503
508
504
499
503
508
503
497
502
505
499
492
496
500
494
487
493
498
494
489
493
497
490
483
488
494
489
485
491
495
492
487
493
500
496
492
497
501
496
492
496
501
496
490
494
499
492
485
490
494
489
483
487
492
486
482
487
492
489
484
489
494
489
484
489
493
487
482
487
492
487
482
487
494
491
486
491
497
494
489
494
499
495
489
496
501
497
493
499
504
500
496
501
507
502
498
503
507
501
494
497
500
495
492
498
504
500
496
501
507
503
497
503
507
499
491
496
497
493
488
492
496
490
486
491
496
491
487
494
499
496
493
499
504
500
496
503
509
505
501
505
511
506
501
505
509
504
499
503
507
502
497
502
506
502
497
502
506
503
498
503
508
502
497
501
505
500
495
499
502
496
490
495
497
492
487
491
495
491
486
489
492
489
485
490
496
491
486
489
494
490
487
492
499
496
494
502
507
502
496
499
503
496
489
491
493
486
479
481
485
480
475
480
484
480
476
481
487
483
479
484
489
485
480
485
490
484
480
484
488
483
479
483
488
484
479
484
489
484
480
485
491
486
483
488
494
491
487
492
498
494
490
496
502
498
494
499
505
501
497
503
508
504
499
504
509
504
499
503
504
495
487
487
490
483
480
486
494
491
487
494
500
497
494
501
508
504
499
503
507
501
495
497
500
495
489
494
500
496
493
498
504
500
496
502
505
499
494
498
503
497
493
497
503
498
494
501
506
503
499
503
508
503
498
503
507
503
498
503
509
504
499
504
509
506
501
505
510
505
499
504
508
501
496
499
504
498
493
498
503
500
495
500
504
500
495
499
504
499
494
497
501
496
491
495
500
496
492
497
502
497
494
499
504
500
496
501
506
502
498
504
508
502
496
499
502
496
490
492
494
486
478
480
483
476
469
473
476
470
465
471
476
472
468
474
480
476
472
478
483
478
474
480
486
481
477
483
487
483
478
483
487
483
479
483
488
485
480
487
492
489
485
492
499
495
491
498
504
498
493
498
503
498
493
497
502
498
493
498
503
498
493
498
503
498
492
496
500
495
489
495
499
495
489
493
496
490
481
482
485
479
474
479
486
483
480
486
493
490
488
496
505
502
497
501
504
497
489
493
495
487
481
486
489
486
482
488
495
491
488
494
500
496
492
497
503
499
495
500
506
501
497
502
507
503
497
503
507
503
497
503
508
503
499
504
509
504
499
504
507
502
496
500
503
498
491
496
500
495
490
494
499
494
488
493
497
493
487
492
496
489
482
487
492
488
484
489
495
489
486
491
496
492
489
495
502
499
495
499
504
499
494
495
501
494
486
490
492
485
479
482
485
479
474
480
484
480
476
483
488
484
480
486
491
486
480
485
490
483
479
483
488
483
478
483
489
485
481
487
492
488
484
490
496
492
488
494
499
495
491
497
502
499
494
499
505
500
496
500
505
501
497
503
507
502
496
499
501
494
487
493
499
496
492
497
502
499
495
501
508
504
499
504
509
503
497
501
506
500
494
497
500
494
489
493
498
494
488
493
498
494
489
494
499
496
491
498
503
499
496
501
507
502
499
503
508
504
499
504
508
504
499
504
510
504
500
506
510
506
502
507
512
507
501
506
511
504
498
502
505
500
494
497
502
495
489
494
499
494
489
495
500
496
490
495
499
494
489
493
497
491
486
491
497
493
489
494
499
494
489
493
498
494
489
495
500
495
492
496
501
496
491
495
499
495
489
493
498
494
488
492
496
491
484
489
494
488
483
487
492
487
482
487
493
487
483
488
493
488
483
487
492
486
481
486
490
486
480
484
489
487
481
486
492
487
483
489
495
491
487
493
498
494
489
495
500
496
492
497
504
499
494
497
500
493
485
488
491
488
485
491
497
494
491
499
506
504
501
505
511
505
499
504
508
501
495
492
504
499
493
497
502
498
493
498
504
498
492
496
501
496
492
497
502
497
494
500
507
504
501
508
514
509
504
509
515
509
504
507
509
504
498
501
505
500
495
499
504
499
495
499
504
498
493
497
502
496
491
494
497
492
486
489
493
487
481
485
489
487
483
488
492
489
483
488
493
488
484
490
496
492
490
497
503
500
496
502
507
503
497
502
505
499
493
496
499
493
487
490
493
487
480
484
488
483
479
482
487
483
478
483
489
483
480
484
489
484
479
483
488
483
478
482
487
482
478
483
488
485
480
486
492
489
484
490
496
493
