600
605
602
598
601
606
601
597
601
605
601
598
603
608
604
601
606
610
605
601
605
610
604
600
605
609
604
598
599
603
598
592
595
600
596
591
596
600
596
593
598
602
599
595
601
606
602
599
604
609
604
599
603
606
600
595
600
604
601
595
599
602
598
595
599
604
599
593
596
598
592
586
591
595
591
588
593
599
596
595
603
609
608
606
611
616
616
620
632
641
636
622
612
604
592
585
587
592
590
591
601
608
606
603
609
612
608
602
603
603
595
586
587
588
583
582
591
600
600
598
603
607
600
595
598
601
597
593
598
605
605
604
609
615
611
604
604
604
596
588
591
596
596
596
602
608
602
594
595
596
592
588
595
601
597
592
595
601
598
595
601
605
602
598
603
608
603
598
601
607
605
604
611
616
613
609
615
620
616
611
614
618
612
606
609
614
610
606
611
615
610
606
610
615
612
609
618
624
620
615
620
623
616
611
615
618
612
605
605
604
595
586
585
586
578
571
573
576
570
563
567
572
571
569
577
585
584
585
595
605
607
608
616
622
616
611
613
615
611
604
604
603
593
585
590
599
603
606
615
625
625
624
632
633
622
610
606
605
593
583
583
585
580
576
583
591
590
586
591
594
588
581
582
585
579
577
583
591
592
592
601
609
611
608
615
622
622
621
627
633
630
624
628
631
622
610
608
606
596
593
598
604
604
604
613
620
622
623
632
639
635
629
630
629
618
606
600
599
591
583
582
582
575
568
571
574
570
566
571
577
575
571
576
582
579
576
583
591
591
591
600
608
607
604
608
612
609
608
617
625
620
613
612
612
606
604
612
620
621
620
627
632
625
618
615
613
604
593
593
592
586
579
582
585
580
575
579
585
580
575
580
583
578
571
575
581
579
580
591
600
601
602
608
615
615
614
624
631
628
626
632
638
632
624
624
621
609
600
603
607
605
604
613
623
623
621
628
636
634
629
631
630
622
610
607
604
594
586
586
587
580
574
577
580
576
571
575
577
574
568
572
576
573
570
578
586
585
586
594
602
603
603
610
619
616
611
616
621
617
614
617
616
606
594
593
598
600
603
616
629
630
627
631
632
619
605
601
599
592
586
588
590
581
574
575
577
574
573
581
589
586
581
582
583
579
576
584
594
596
597
606
613
612
610
616
622
620
619
624
631
626
623
626
627
618
609
607
607
600
596
604
614
614
615
622
629
629
628
635
639
634
627
628
626
612
599
595
595
585
575
575
576
572
564
569
575
570
567
572
577
572
569
574
579
577
578
585
595
595
594
601
610
609
607
610
612
607
606
613
625
626
623
623
619
607
597
600
604
604
606
617
630
629
624
625
624
612
600
596
595
588
581
582
584
579
572
576
580
576
572
577
581
577
572
578
588
588
587
594
601
600
601
611
620
618
617
624
630
627
623
628
633
627
619
619
617
608
600
606
612
609
606
612
620
619
617
624
632
631
627
630
631
622
611
608
606
595
587
588
590
582
575
578
580
573
566
569
573
568
564
569
576
574
573
582
590
588
585
593
603
604
608
617
622
615
604
607
614
617
617
622
620
606
593
595
600
599
601
615
630
636
635
639
642
628
614
609
604
591
582
582
585
579
572
573
578
575
572
578
584
583
576
579
583
577
575
585
596
598
598
607
615
613
610
617
624
622
620
624
630
624
619
620
623
615
607
604
603
595
592
599
610
611
612
620
630
628
627
635
642
637
630
630
629
618
606
602
601
593
584
583
584
579
574
577
582
577
574
577
580
575
570
574
578
575
571
577
583
581
582
592
600
598
595
600
605
601
600
608
615
615
613
618
627
627
622
622
616
604
592
592
598
597
602
615
628
630
629
632
633
624
613
608
603
591
582
583
585
578
572
577
584
583
583
591
598
595
590
592
595
590
587
593
601
600
600
607
613
611
608
613
619
616
612
617
622
617
610
613
615
608
602
604
607
603
598
604
610
607
604
609
613
609
607
615
622
622
621
625
626
619
610
609
607
596
587
588
591
585
580
583
588
583
579
583
588
582
576
579
581
577
572
578
583
582
582
590
599
601
603
611
617
611
604
607
610
607
603
605
607
600
595
599
606
606
606
615
622
616
612
616
618
611
602
602
601
593
587
590
595
590
583
587
590
584
579
582
587
583
579
586
591
589
588
595
606
606
605
612
622
620
615
620
627
622
616
619
619
609
600
601
602
596
592
598
603
599
596
600
603
598
591
595
596
589
585
591
592
588
584
591
595
589
583
588
594
593
590
594
602
600
598
604
608
605
601
604
609
604
600
605
609
604
596
599
600
593
588
591
595
590
585
588
591
586
580
585
591
588
585
591
595
592
588
594
600
599
596
600
604
600
596
600
604
601
597
601
605
601
597
602
607
604
601
608
613
607
599
598
598
590
583
587
591
584
579
583
591
594
596
605
611
607
603
607
611
607
599
602
605
600
596
602
610
608
605
607
612
604
599
603
605
601
596
600
603
599
594
598
602
598
595
600
604
600
599
603
609
604
597
599
602
599
595
599
604
599
595
600
608
607
603
609
611
603
595
596
600
596
594
600
605
601
599
604
610
610
611
620
628
627
624
626
629
620
611
609
608
600
593
593
594
587
580
583
585
581
578
582
587
583
580
584
588
585
580
583
589
587
587
595
602
601
600
605
608
604
602
608
618
615
612
610
606
595
588
593
602
606
609
620
632
630
628
630
624
611
598
593
592
585
580
584
586
579
574
579
585
583
581
586
591
585
580
584
590
587
584
592
601
601
601
609
615
613
611
617
624
620
618
623
628
623
615
615
612
602
594
594
599
596
596
605
612
611
609
616
623
622
622
629
632
626
619
619
616
604
594
593
593
586
578
581
583
577
572
577
580
576
572
577
581
577
572
577
581
579
576
585
595
598
599
606
611
607
604
609
615
617
617
625
625
615
600
597
598
594
595
606
620
625
627
632
640
637
626
620
614
600
589
591
593
588
583
585
584
576
571
577
584
582
578
583
585
578
573
579
585
583
585
595
604
603
601
607
612
609
608
616
623
621
619
625
631
624
615
615
612
603
597
602
611
614
615
624
631
624
620
625
633
630
624
626
627
619
608
604
601
591
584
584
585
578
571
573
576
572
567
571
573
568
565
571
575
572
570
576
585
586
586
595
604
604
603
611
618
615
611
619
626
622
615
612
609
599
591
595
605
607
612
629
642
643
639
639
636
620
603
597
593
583
576
580
585
581
576
579
582
578
575
579
584
581
576
579
582
577
576
583
592
594
595
604
613
612
609
615
621
619
615
620
627
624
619
623
623
613
604
602
602
596
594
603
611
613
615
623
628
628
626
632
637
633
626
626
625
611
597
594
593
584
577
577
580
574
569
574
578
573
568
572
576
572
569
575
579
577
575
583
591
590
590
597
606
606
606
611
614
610
607
614
622
619
609
607
605
596
592
596
607
611
618
631
639
637
633
633
629
614
598
595
596
588
583
587
591
586
581
583
587
583
580
585
590
585
580
583
587
583
581
588
596
596
595
602
609
607
604
609
615
615
613
619
624
622
618
622
624
612
602
602
604
600
598
606
613
611
615
620
625
626
625
633
637
631
624
626
622
609
596
595
593
584
576
577
580
574
568
572
576
571
568
573
578
574
571
577
584
583
580
588
595
594
591
599
606
604
600
605
609
605
600
605
612
612
609
611
607
595
588
595
608
614
620
631
639
636
629
627
623
607
594
592
594
588
