507
504
502
504
508
503
498
503
508
502
498
503
508
503
498
502
507
503
497
503
508
503
498
502
507
503
498
503
508
504
498
503
507
503
498
503
507
502
497
502
507
502
497
503
507
502
497
502
507
503
497
503
508
502
497
501
506
502
497
502
507
502
497
501
507
502
497
502
506
502
497
502
507
502
497
502
506
502
496
501
507
502
498
502
507
502
497
502
507
503
497
503
508
502
497
503
507
503
498
503
507
502
499
503
508
503
498
502
508
503
498
503
507
503
498
503
508
502
498
503
507
502
498
501
507
502
497
503
507
502
497
502
507
502
497
502
507
503
498
503
507
503
497
502
506
502
497
502
508
502
498
503
508
503
499
504
508
503
499
504
509
504
499
504
508
503
499
504
509
504
499
505
509
505
501
505
510
505
501
507
512
509
504
508
513
508
503
507
511
506
500
506
510
506
502
506
511
506
502
507
512
507
502
506
511
507
502
506
510
506
500
505
509
504
499
504
508
503
497
502
506
501
496
502
507
504
499
507
512
509
506
511
516
509
504
510
515
510
506
508
510
504
496
500
505
502
499
507
514
511
509
515
521
516
511
516
521
518
515
523
528
524
517
519
524
522
521
529
536
533
526
528
531
523
514
515
516
510
505
510
516
513
510
517
523
519
515
520
523
516
509
512
514
508
504
508
513
511
509
515
523
519
516
519
527
519
513
519
524
519
515
520
524
521
517
522
528
526
522
529
535
531
524
508
516
436
427
521
564
562
532
539
566
561
540
528
517
510
516
535
543
534
525
528
529
523
522
531
542
542
541
547
554
550
543
547
547
542
537
541
543
529
523
531
543
543
541
548
555
552
548
553
558
552
546
550
550
543
532
536
539
535
533
541
549
547
544
552
559
555
548
553
561
557
551
560
567
552
528
521
519
513
508
517
532
541
543
553
558
549
539
541
543
538
532
534
535
527
518
518
521
516
512
518
522
517
512
516
521
515
510
516
523
521
519
526
531
525
518
521
525
521
516
521
531
533
534
538
544
544
543
548
552
547
542
549
555
553
545
546
546
539
532
533
535
528
522
525
531
525
521
527
532
531
527
533
538
534
529
533
536
533
527
530
533
528
524
527
533
528
524
529
533
527
523
527
532
528
524
529
534
531
532
531
531
518
518
535
537
527
519
526
534
532
528
534
538
533
527
531
535
529
524
530
532
526
520
524
528
525
522
531
539
538
537
545
552
551
548
553
559
553
549
552
556
552
547
550
555
527
515
507
526
534
527
520
559
547
570
611
554
547
541
543
548
545
543
547
550
546
543
549
556
552
548
553
555
548
541
543
546
540
535
539
544
541
539
544
548
543
539
543
546
542
537
540
545
540
537
542
547
540
536
541
544
541
536
543
548
544
540
546
551
546
542
545
550
545
540
544
550
545
541
545
547
540
533
536
540
536
531
534
537
531
524
529
531
525
518
520
524
516
510
514
516
511
505
510
516
512
506
509
514
509
505
509
513
506
498
503
507
498
490
493
501
501
503
510
518
517
515
521
527
525
521
527
531
527
520
523
526
519
513
516
517
511
504
507
510
506
503
511
519
519
517
522
530
529
527
535
541
538
533
537
540
533
528
530
533
528
524
527
532
528
524
530
534
529
524
528
531
524
518
614
610
361
529
523
502
508
502
509
518
509
503
508
515
513
506
508
511
506
501
507
512
507
503
507
512
510
506
512
518
514
509
513
517
513
507
509
512
506
501
505
509
503
497
501
504
499
494
497
501
497
491
495
498
492
487
491
497
493
489
495
503
500
491
489
489
485
479
483
492
498
506
519
531
531
530
537
541
534
528
528
528
519
510
512
514
508
504
508
514
510
508
516
525
524
522
529
536
533
528
533
537
533
529
533
536
530
524
526
527
519
509
512
517
513
510
512
517
515
507
507
508
496
489
498
510
514
512
515
516
508
500
504
508
504
501
507
514
510
507
510
513
507
500
502
505
499
492
496
502
497
493
499
504
501
497
503
508
502
495
498
502
493
485
488
495
497
500
509
513
505
504
516
524
520
521
534
547
547
542
544
544
534
523
521
519
510
503
507
510
504
501
507
513
511
506
510
515
510
506
511
518
516
513
519
527
524
520
526
532
528
524
529
534
528
523
524
524
513
505
507
511
507
508
515
518
515
510
511
508
497
496
509
524
526
525
529
534
528
521
523
525
521
518
524
528
520
513
515
517
510
504
506
510
504
501
506
512
507
502
506
510
504
499
504
511
506
501
507
512
505
501
506
511
508
508
519
529
528
524
527
531
531
526
530
536
537
540
551
557
553
545
544
542
531
521
521
524
519
516
523
529
524
519
524
528
524
519
523
528
524
519
525
531
528
525
531
536
535
529
536
539
533
527
525
524
514
506
509
514
512
509
517
520
508
499
505
514
512
507
515
529
536
537
542
545
539
534
535
535
530
526
535
543
541
536
539
540
530
521
520
520
511
503
505
509
504
499
505
510
507
503
507
511
508
504
509
514
510
506
511
515
510
508
511
516
512
508
516
523
520
517
521
519
504
492
491
495
493
496
511
527
535
545
562
568
557
540
527
515
494
477
473
474
469
465
471
475
471
467
473
479
474
472
476
483
480
479
486
495
492
488
493
498
493
489
494
499
495
489
495
501
497
494
500
506
504
502
508
515
512
508
513
518
514
510
515
520
517
515
522
531
531
533
542
551
550
549
555
561
558
555
559
561
555
546
547
548
540
533
536
540
534
527
529
531
526
519
522
524
519
513
516
520
516
512
518
525
521
518
523
528
524
520
526
532
531
529
536
542
538
535
539
543
539
534
537
540
532
525
525
525
518
511
514
519
514
506
501
496
483
476
485
498
505
512
523
531
527
528
540
551
548
544
546
546
536
525
522
523
512
503
500
501
497
495
503
513
516
521
533
540
536
535
542
551
551
550
556
557
549
538
536
535
527
521
524
528
521
511
516
526
523
523
535
546
547
547
553
556
547
537
539
543
539
537
544
553
552
550
554
557
548
540
541
540
531
523
525
526
521
514
518
523
518
512
515
516
511
505
510
515
513
511
515
522
519
515
521
528
528
529
543
559
561
564
580
600
609
617
632
641
636
619
600
577
549
519
505
505
502
503
514
521
521
518
525
535
531
528
534
543
539
531
534
534
525
518
519
518
512
507
509
511
506
499
503
504
502
499
504
511
508
509
518
527
530
530
540
539
541
542
551
555
554
552
559
567
566
563
566
570
558
547
542
544
537
528
529
537
524
515
514
511
498
486
486
488
484
481
487
496
495
493
501
508
507
504
507
512
508
503
506
510
507
500
503
499
483
470
468
469
466
464
480
497
501
503
513
524
521
519
527
535
540
547
562
574
571
561
556
548
533
519
517
520
516
515
522
529
526
519
522
527
524
522
532
541
540
536
539
547
539
536
539
543
540
531
533
533
523
516
519
522
518
511
512
514
508
504
510
516
513
509
510
508
503
500
509
515
510
506
515
522
518
516
521
527
523
517
520
524
519
517
525
533
532
530
535
539
532
526
525
526
519
512
515
516
508
502
505
508
503
497
501
504
496
489
491
492
481
471
467
472
466
465
473
481
480
481
496
509
509
510
524
537
540
538
541
537
522
510
513
516
510
503
506
508
500
495
496
496
481
462
454
448
437
430
437
445
449
454
474
482
485
481
482
484
473
464
464
467
459
460
467
480
492
505
504
545
533
515
509
504
495
489
495
502
502
502
513
521
520
519
526
533
533
531
542
549
568
546
534
549
551
504
481
487
501
524
541
547
548
551
563
575
580
586
600
610
610
608
611
609
592
574
563
557
543
530
531
535
531
529
536
542
538
532
535
537
532
527
532
538
534
529
534
539
533
529
535
539
536
531
535
539
531
522
521
520
510
504
511
523
528
529
539
549
553
556
571
588
593
592
595
595
582
566
555
542
518
494
486
484
480
477
485
494
491
487
493
498
492
487
487
492
489
482
493
497
495
493
504
516
519
521
533
542
539
539
540
545
537
526
527
525
518
508
509
509
498
487
493
503
503
499
506
513
511
507
515
526
527
527
531
534
525
519
522
526
522
517
521
525
519
512
516
519
512
512
514
519
517
511
514
519
516
513
519
527
526
522
528
533
529
524
527
531
521
510
508
504
491
479
477
476
467
457
456
459
456
456
469
489
505
523
550
576
590
596
601
597
580
564
555
548
533
516
508
502
489
479
480
481
477
473
473
474
468
464
474
483
480
483
495
515
532
547
572
583
569
550
538
531
518
508
507
508
504
505
516
537
551
551
545
534
520
511
516
519
511
505
508
519
523
525
538
551
555
553
554
543
519
495
484
477
467
463
473
484
484
483
494
504
503
501
505
510
504
498
504
510
507
504
510
516
510
504
508
509
504
499
505
513
512
512
519
518
501
487
488
495
491
484
484
484
474
464
465
469
465
463
470
478
479
480
490
499
500
499
508
517
515
513
522
532
531
529
536
543
539
532
532
531
523
515
519
524
520
515
519
522
515
507
507
508
499
494
503
513
514
513
520
524
517
505
505
509
506
507
515
522
516
510
516
515
510
504
506
507
497
484
483
484
480
476
483
490
485
486
497
509
508
505
507
505
496
487
489
498
491
490
499
510
509
507
516
521
518
512
515
517
510
502
503
504
495
487
489
492
487
485
493
503
503
505
515
522
519
512
510
504
489
473
470
470
461
454
459
465
463
462
470
480
479
478
486
495
492
483
496
505
499
495
500
507
504
501
507
512
508
504
508
515
511
506
513
519
515
511
515
519
514
511
519
526
525
523
531
535
536
538
542
542
533
526
527
532
528
524
528
532
527
525
533
541
538
536
540
548
550
539
531
530
517
515
521
528
523
517
519
520
512
504
504
507
500
494
499
505
499
495
499
504
501
496
502
508
503
499
506
512
509
504
508
512
506
500
506
511
508
504
505
505
495
495
502
511
515
519
535
545
543
537
537
538
527
516
515
514
508
506
515
524
522
519
525
529
525
519
524
528
524
519
524
528
523
517
520
522
513
505
508
513
513
511
517
522
517
510
513
516
510
505
510
517
514
511
516
519
510
505
510
518
519
518
524
530
528
526
531
535
531
527
533
535
524
516
510
510
500
494
500
503
498
492
495
498
489
481
483
488
483
481
490
499
501
503
513
520
518
511
513
515
508
501
504
508
507
504
511
519
516
511
517
521
513
504
504
507
503
499
506
512
508
508
519
532
536
541
557
573
576
571
566
557
538
517
509
500
489
483
492
498
494
492
496
500
498
495
502
510
508
507
516
521
516
511
512
514
505
499
505
511
509
504
509
514
508
504
509
515
512
509
515
521
516
511
513
516
512
508
514
524
524
522
528
531
526
518
518
516
507
509
511
500
483
477
495
514
522
524
529
530
521
511
512
515
512
510
516
521
514
507
508
511
504
499
504
509
505
500
505
510
507
502
507
511
507
504
508
514
508
504
508
513
509
505
509
513
509
504
509
515
513
511
519
527
525
523
528
533
526
518
523
531
533
537
555
572
576
575
574
569
551
531
511
499
484
479
488
496
500
503
512
519
515
510
514
518
513
509
515
519
515
511
518
523
519
516
522
527
524
520
526
531
528
526
533
540
536
534
537
541
535
527
527
528
519
512
515
520
517
514
513
511
502
493
491
492
493
504
526
543
544
539
540
538
527
515
516
516
508
503
508
514
512
509
515
521
519
514
519
524
518
513
517
521
517
512
514
515
508
503
505
510
505
501
504
509
503
496
499
502
495
489
494
499
495
491
497
503
499
495
502
509
505
502
507
512
509
505
510
513
508
500
504
507
496
486
486
487
480
472
476
480
476
471
476
481
478
475
482
490
488
484
491
495
491
486
492
498
495
491
496
501
497
492
495
500
494
488
492
496
492
487
492
497
492
489
496
503
500
498
505
512
512
510
517
524
524
520
526
527
520
519
527
531
515
509
514
520
516
519
526
530
526
522
529
535
536
535
542
549
546
541
543
544
535
525
523
521
511
500
499
499
492
485
486
491
488
481
487
494
491
489
495
499
494
488
492
496
491
485
491
495
491
487
493
500
498
497
505
514
513
511
513
511
502
496
502
510
510
513
525
536
536
531
533
533
523
512
512
512
503
495
498
503
501
499
506
512
508
504
510
515
510
506
512
516
513
509
516
520
517
513
519
525
520
515
519
525
519
513
516
518
509
500
500
502
497
494
498
499
499
499
503
502
494
495
506
512
507
503
511
518
515
513
519
527
524
521
526
528
520
510
510
510
501
493
495
496
490
484
488
493
488
484
489
497
493
489
496
501
497
493
498
503
496
490
492
494
487
480
483
488
489
493
505
515
518
515
523
529
525
512
500
494
486
479
483
491
494
498
511
519
515
511
516
523
518
514
517
520
515
511
516
520
515
509
512
515
510
505
509
515
511
508
515
521
519
516
522
525
521
516
519
520
513
507
507
505
494
487
492
498
496
489
495
509
511
504
503
513
519
520
522
526
522
522
530
535
529
524
526
527
519
510
510
510
499
490
489
490
482
475
478
483
478
473
479
484
481
480
488
497
496
494
503
513
513
510
515
517
510
502
503
503
495
488
492
503
511
520
531
534
526
518
517
522
521
520
526
528
520
507
505
504
494
484
484
485
477
473
481
492
494
495
505
513
513
511
518
517
502
500
523
541
550
551
556
559
551
543
544
548
543
541
544
545
537
527
526
520
508
501
502
504
496
489
493
498
494
494
499
498
489
480
479
481
482
489
503
515
514
508
511
513
506
499
500
503
498
496
506
515
517
515
520
525
522
517
523
527
520
512
515
518
513
506
507
509
501
494
496
499
492
485
487
491
484
480
486
493
491
487
492
497
489
483
486
488
480
473
476
479
476
471
477
482
480
479
484
493
488
484
489
494
489
483
487
492
486
480
483
492
487
490
490
497
491
483
484
487
481
473
474
482
478
475
483
492
491
491
502
513
514
512
518
524
522
521
538
557
565
570
573
575
564
551
547
543
