604
608
612
608
603
608
612
608
603
608
612
608
604
608
612
608
603
608
612
608
604
608
612
608
604
608
612
608
604
607
612
608
603
607
611
608
604
608
612
608
603
608
612
608
603
608
611
607
603
607
613
608
604
609
613
609
604
609
612
608
603
607
611
608
604
608
612
609
604
609
614
609
604
609
613
608
604
609
612
608
604
608
609
609
600
605
603
601
606
610
609
606
605
609
611
604
600
602
607
605
600
604
610
607
603
605
609
606
602
607
612
608
604
609
613
608
603
608
612
607
601
604
607
601
595
599
604
601
599
604
608
604
598
601
605
600
593
595
599
594
591
596
601
598
593
597
600
595
591
594
598
594
591
596
603
600
596
600
604
599
594
598
604
599
594
600
603
599
594
598
602
598
594
598
603
598
593
598
602
599
595
600
577
679
600
579
595
588
587
594
605
604
591
594
607
612
612
617
624
625
613
598
584
575
572
576
584
591
599
614
629
634
635
632
613
580
556
542
532
539
551
555
561
574
605
626
630
593
546
524
519
523
545
564
563
561
585
632
668
658
624
595
573
552
557
599
605
534
478
505
557
594
612
623
629
600
570
553
551
547
570
578
560
552
577
628
642
659
643
615
596
569
543
549
559
532
489
518
578
619
657
678
660
628
593
572
563
543
564
555
490
466
512
573
624
679
686
664
643
595
566
540
552
624
569
496
496
552
578
634
677
664
632
607
569
542
521
554
595
535
495
531
598
612
669
692
664
635
607
583
554
539
575
542
483
473
535
587
655
700
685
657
645
609
582
540
596
631
535
451
450
506
551
638
689
679
657
643
621
604
570
604
617
543
478
474
496
526
577
660
714
689
659
653
638
606
589
611
622
576
525
512
518
536
583
636
694
679
651
635
612
589
563
569
620
627
563
522
519
536
592
677
731
721
655
630
617
577
540
540
589
585
506
459
472
534
588
694
717
675
635
625
595
573
539
563
601
542
494
503
551
614
704
742
707
680
665
617
586
554
594
614
536
482
473
524
591
675
704
667
656
648
605
574
556
587
618
544
501
488
517
576
682
704
660
648
656
621
590
576
606
630
587
539
515
516
539
620
707
711
660
634
618
579
563
572
617
620
578
543
532
517
532
612
674
699
665
643
641
622
608
596
599
605
604
599
543
496
480
520
563
595
641
674
681
644
615
607
603
595
595
611
640
654
598
545
519
519
548
608
667
691
689
647
625
601
564
552
553
592
648
622
542
510
533
577
637
664
673
662
623
607
593
568
551
556
606
675
673
584
532
542
559
582
612
637
643
615
589
591
587
578
585
609
627
639
636
615
608
609
603
604
612
615
600
600
606
604
611
627
606
566
551
589
635
651
640
601
579
576
577
610
685
685
583
542
603
667
639
637
600
575
590
588
632
682
626
558
559
606
627
638
626
583
578
579
580
661
696
606
545
563
606
648
609
598
586
567
560
557
585
681
752
714
588
515
538
585
645
640
589
565
560
584
600
607
605
624
696
726
664
600
553
560
600
679
647
563
550
570
611
611
637
667
668
643
599
598
634
634
566
530
521
518
526
564
639
684
691
656
611
580
583
600
612
610
608
607
617
627
624
611
609
614
619
619
604
614
603
607
617
632
620
600
572
549
555
556
588
597
590
604
626
643
648
672
699
705
660
615
616
561
512
567
622
578
553
601
672
649
613
580
562
571
587
600
620
635
609
581
553
534
558
621
649
636
600
584
601
626
648
651
654
660
629
560
569
564
595
626
646
628
603
588
580
571
573
587
600
605
606
611
609
597
593
595
615
602
617
612
605
592
597
606
608
556
563
602
631
699
686
615
557
540
540
568
620
652
670
608
555
561
623
646
623
600
575
588
599
614
638
645
621
582
583
627
647
622
600
577
582
584
604
619
632
628
596
582
607
606
582
568
563
559
562
574
607
620
626
627
609
631
636
678
624
566
531
530
543
552
585
624
654
657
640
618
609
601
581
546
561
591
619
654
670
652
617
580
555
528
547
541
532
562
627
702
719
625
581
597
648
680
649
590
519
535
530
531
583
641
750
761
648
539
576
718
615
571
556
527
543
543
521
592
714
742
649
566
561
594
651
610
568
545
544
556
565
601
647
674
689
637
585
612
663
655
606
576
591
560
562
596
618
640
635
625
630
665
665
617
566
572
568
545
566
596
643
635
603
598
597
669
650
594
577
582
594
569
573
613
668
659
611
576
585
611
642
627
620
608
584
590
587
575
583
611
637
628
615
615
625
631
634
652
647
629
595
558
549
563
572
604
630
628
616
607
618
646
645
630
576
609
547
493
547
600
647
678
688
689
639
614
576
521
548
598
593
635
632
598
614
662
681
614
568
513
545
548
549
593
651
703
656
593
574
583
674
658
598
568
552
566
571
575
604
642
681
688
617
568
560
603
658
652
616
580
574
580
564
590
649
695
682
612
571
579
625
644
622
593
589
605
566
571
623
684
693
616
548
562
627
639
604
606
596
596
554
556
619
696
688
609
534
531
614
637
652
652
620
602
593
607
644
664
621
555
543
604
641
638
627
626
630
609
582
602
658
663
600
560
555
598
634
628
638
627
598
575
591
657
679
644
581
544
555
611
623
614
620
626
613
586
594
647
647
595
554
564
617
640
628
635
633
621
599
583
632
686
648
597
539
542
611
626
627
651
652
629
586
575
627
680
655
576
511
512
590
643
652
651
625
595
593
616
637
643
630
617
608
593
579
580
578
560
547
580
630
655
659
655
640
596
568
583
602
603
603
613
630
633
624
625
627
627
618
615
617
609
608
618
632
627
614
608
607
615
734
683
646
582
525
434
664
608
613
551
524
543
513
435
542
731
739
704
643
600
555
543
566
592
615
638
643
628
617
618
622
615
608
611
614
611
607
612
605
655
603
597
609
614
606
644
568
626
639
603
630
638
615
618
627
619
613
617
620
615
609
613
616
612
610
615
620
614
610
613
617
614
609
615
625
624
621
625
627
627
624
639
655
638
620
639
648
615
589
594
605
601
604
613
619
615
617
623
617
579
572
585
579
598
616
629
608
579
585
588
595
630
646
647
615
558
557
615
650
619
600
597
623
614
583
579
608
659
638
589
552
562
611
648
643
600
575
570
603
609
589
589
600
648
679
658
617
582
574
608
620
584
552
559
589
625
643
665
684
670
635
587
562
567
600
653
706
668
640
627
603
597
612
622
644
643
620
611
619
608
599
589
591
606
620
658
670
626
569
540
536
540
550
599
668
684
665
639
622
607
635
663
658
610
553
511
485
506
559
634
691
681
648
632
636
628
582
564
575
591
603
542
509
528
599
667
682
675
663
644
642
594
549
576
624
648
628
588
560
568
584
645
682
644
624
614
588
579
581
561
587
620
687
675
653
630
623
643
664
665
669
639
609
574
556
515
517
469
555
584
607
675
679
648
624
572
572
573
584
627
670
679
587
486
563
604
641
652
644
609
624
606
641
630
625
655
659
620
535
501
579
623
638
651
643
624
605
591
595
605
625
658
678
604
507
547
601
661
691
672
635
605
607
611
589
585
590
632
633
578
562
604
635
652
654
620
587
589
599
587
568
578
633
652
567
503
579
598
640
681
681
648
643
616
572
537
590
663
612
497
549
609
634
676
671
621
600
626
606
570
550
585
628
585
535
572
603
640
675
667
619
592
621
614
590
573
585
618
581
514
560
622
628
665
686
627
580
613
574
530
533
623
672
596
508
627
646
668
726
683
618
594
630
588
532
532
577
585
538
548
611
644
691
671
630
613
632
574
547
555
619
641
583
552
592
633
686
677
644
588
615
642
616
568
568
647
711
674
514
499
555
579
671
674
628
571
540
606
627
599
575
574
632
690
725
684
576
505
515
566
668
655
575
529
508
519
551
563
578
598
687
806
822
623
484
513
583
636
609
589
561
607
636
600
599
609
691
742
641
498
484
555
622
668
682
649
606
592
598
595
575
588
664
723
685
518
507
575
600
663
679
647
600
583
593
623
627
602
592
623
664
662
616
518
563
594
618
697
679
608
562
556
593
591
566
565
594
662
711
696
584
538
579
619
683
662
628
600
599
600
583
585
618
671
630
560
586
616
649
670
664
621
626
622
557
533
578
652
598
551
580
626
639
664
663
631
637
617
581
559
563
600
633
626
568
514
543
588
628
660
665
642
605
579
574
589
607
617
622
615
608
597
588
589
591
583
581
587
592
608
633
668
698
696
652
591
553
539
534
560
609
652
664
677
676
686
672
652
623
595
582
545
543
576
574
540
511
518
564
622
662
667
652
660
664
632
588
612
610
597
558
491
455
519
576
634
672
681
666
670
669
644
635
645
649
653
575
479
407
471
563
630
703
710
669
669
658
605
566
571
615
648
560
497
417
427
547
639
696
703
674
671
668
631
607
631
654
624
574
535
463
435
488
566
653
693
674
670
681
658
619
639
681
668
591
530
488
431
494
556
607
636
664
670
662
659
632
615
626
633
624
596
541
497
471
495
564
613
643
671
695
667
639
645
633
626
643
652
629
581
546
516
511
517
545
602
639
660
656
636
642
624
606
614
628
640
619
563
520
529
530
558
608
648
669
669
655
661
635
623
635
643
635
604
563
504
490
491
545
599
645
671
660
639
652
652
640
641
654
651
614
565
527
507
510
537
550
584
623
632
638
662
673
673
684
678
645
600
565
534
506
502
524
548
572
604
638
657
679
686
671
677
688
670
626
598
579
526
524
540
521
519
555
621
675
699
693
656
637
621
585
608
649
656
632
584
529
515
519
529
540
557
593
641
676
670
630
624
621
597
598
621
645
664
648
601
589
599
600
604
607
600
611
635
634
624
582
575
593
613
619
583
589
636
654
657
651
630
612
617
614
588
605
649
695
681
543
491
563
608
643
663
641
604
588
608
587
591
644
703
647
551
546
563
611
646
655
638
624
625
608
594
643
688
656
569
544
544
583
632
665
640
599
601
623
588
591
654
702
654
509
506
558
573
656
683
648
605
612
616
598
590
640
683
679
585
507
551
583
623
661
655
630
601
591
620
650
639
620
613
612
605
592
580
575
569
575
611
647
651
648
659
663
652
616
596
603
583
562
577
607
633
630
599
593
594
609
621
635
659
657
639
663
636
588
572
572
567
582
569
547
587
615
652
646
646
661
647
639
642
589
560
556
553
575
636
608
612
593
594
606
616
659
697
679
646
625
597
585
574
560
561
546
565
618
655
654
670
640
629
646
649
659
654
630
588
558
553
557
565
556
575
621
638
634
616
588
579
588
622
654
656
647
647
634
595
569
558
557
557
565
570
592
623
640
657
664
643
631
634
654
643
617
611
607
582
562
575
604
622
633
623
626
623
617
621
624
623
624
624
615
596
578
574
574
571
579
608
632
640
641
647
650
633
604
581
568
559
560
589
629
660
674
669
646
617
600
601
593
575
539
521
524
519
527
576
632
655
658
667
668
648
609
603
610
583
533
515
527
537
567
614
654
667
657
654
656
639
608
601
611
597
556
525
522
520
538
577
617
643
654
656
655
652
643
632
616
607
595
574
546
532
526
536
563
593
621
640
649
646
640
637
625
610
600
599
585
559
545
550
573
588
603
615
620
613
615
625
629
625
615
606
595
579
567
572
577
573
583
617
643
627
594
591
603
609
615
618
624
610
599
584
590
608
615
607
597
589
596
599
605
610
610
596
601
597
596
595
596
591
592
611
621
617
606
605
611
599
588
567
570
583
594
631
642
631
642
631
613
609
606
588
573
562
563
589
600
590
601
625
630
606
590
590
593
577
567
579
596
608
620
634
642
637
636
633
619
600
580
579
596
612
630
639
639
629
606
573
545
519
506
519
550
576
604
637
664
671
666
654
621
579
544
529
526
530
535
568
607
636
659
685
696
683
653
619
588
560
536
523
524
530
540
559
583
613
628
645
661
664
660
652
636
616
596
586
568
553
550
557
564
568
579
599
611
609
619
629
640
644
641
640
635
614
591
576
572
566
564
574
585
591
599
612
629
627
628
626
615
590
562
554
557
559
571
600
627
625
617
615
613
607
605
611
607
592
588
597
606
602
598
604
607
598
591
592
595
592
593
596
601
596
592
595
598
598
597
602
600
591
587
591
599
595
587
588
593
592
593
602
611
608
604
605
608
607
598
595
594
593
597
600
596
592
590
596
600
599
599
602
609
611
608
606
602
598
599
602
596
582
575
581
584
577
577
585
595
596
595
607
619
616
609
606
601
591
588
592
592
583
581
594
611
621
625
638
639
620
595
595
603
592
580
591
599
584
557
541
549
561
575
605
630
625
610
609
624
623
611
617
625
600
554
529
531
528
543
564
592
611
615
616
623
626
629
629
633
635
622
596
569
551
542
554
569
571
576
598
614
617
618
622
624
616
613
620
606
574
560
552
547
552
561
568
580
592
602
612
627
630
628
631
632
624
611
600
591
580
579
596
607
599
591
592
598
600
601
607
603
587
567
558
567
576
594
609
617
616
613
617
636
634
636
654
666
644
611
608
606
578
546
541
531
502
496
533
568
615
634
628
613
596
610
669
702
681
647
610
574
536
559
595
607
608
589
574
568
574
572
575
583
592
611
623
615
602
598
595
599
606
617
626
639
630
619
623
635
625
586
540
516
526
560
588
590
591
614
642
659
657
649
657
659
636
571
547
553
531
513
531
551
576
602
610
615
615
621
660
705
691
631
603
583
541
526
543
575
604
611
615
608
598
601
608
598
569
557
564
595
633
659
662
660
654
630
632
632
612
578
554
529
521
535
556
589
614
615
636
660
663
671
681
647
569
525
529
538
542
536
573
615
616
624
655
685
721
724
673
580
543
516
499
499
482
506
556
600
623
647
669
698
736
720
653
611
557
484
505
502
526
552
568
599
632
651
678
715
724
675
604
595
551
483
489
506
502
537
566
593
631
656
691
716
719
686
644
616
543
493
510
512
507
512
542
574
594
611
639
660
661
658
667
680
691
681
647
605
563
522
513
532
543
552
562
564
560
560
584
606
601
576
577
596
603
606
648
679
674
643
635
637
622
604
601
600
598
600
603
604
600
585
568
570
583
606
634
649
635
618
615
638
661
679
679
672
637
598
575
572
573
559
570
569
546
531
549
582
619
647
649
650
643
621
612
617
609
592
589
577
544
540
538
538
552
571
612
668
696
660
643
668
647
666
655
630
614
610
567
549
532
525
536
557
609
647
661
640
642
640
622
620
642
647
640
634
606
556
543
536
529
535
560
615
671
691
660
649
620
611
649
661
634
615
614
576
543
516
504
519
559
605
656
672
649
650
649
661
659
661
646
617
612
599
566
560
542
534
551
594
652
686
668
657
642
638
627
627
597
581
624
599
570
577
558
550
573
643
701
682
645
639
641
637
617
587
591
617
567
567
601
584
552
562
633
706
707
676
646
645
635
606
586
596
609
570
611
589
541
508
554
633
666
670
667
650
638
624
600
584
548
533
615
695
667
599
567
574
630
645
655
661
640
622
609
589
559
548
553
609
668
649
615
585
586
616
648
667
671
668
650
633
602
563
531
535
556
627
665
656
622
591
597
644
670
654
639
649
653
639
633
620
578
544
510
541
575
632
686
691
665
650
638
676
732
669
614
541
494
469
473
501
525
572
586
623
608
603
617
638
655
688
679
658
656
615
588
588
600
610
632
597
537
568
598
619
622
640
687
692
667
667
629
590
569
566
591
630
620
568
587
593
591
594
621
668
701
692
660
650
598
553
531
543
591
661
627
532
523
544
566
568
576
605
645
675
683
657
640
619
593
590
614
635
640
623
589
573
576
599
621
622
604
595
613
633
639
627
613
611
594
565
548
543
548
572
585
566
579
611
636
636
657
676
658
630
620
598
572
551
534
563
648
642
578
534
542
575
604
636
686
709
652
630
633
595
548
521
550
679
678
572
517
498
541
586
629
668
675
645
625
622
584
557
551
589
658
673
590
539
512
540
569
611
632
649
647
628
627
608
601
604
615
632
643
617
553
540
531
554
575
599
628
662
669
640
636
606
608
610
615
624
624
621
551
531
518
523
544
584
602
615
630
633
625
608
626
647
646
632
624
634
604
554
552
558
555
562
595
623
635
636
635
638
634
633
639
629
612
607
616
595
559
575
584
574
560
568
603
647
675
648
629
614
601
606
610
604
627
622
584
551
527
522
551
586
624
640
635
649
645
624
630
637
619
602
619
618
607
599
589
575
569
577
597
622
633
635
635
630
617
609
616
611
579
563
584
594
588
607
612
609
619
629
655
662
658
625
607
612
595
574
582
590
579
570
584
585
584
598
627
669
659
649
666
636
617
603
608
630
631
576
553
516
504
522
576
631
647
651
649
662
639
626
621
615
594
599
602
573
544
514
516
553
593
621
638
660
661
668
664
618
625
627
618
615
600
575
555
548
550
563
588
607
608
608
624
656
660
647
643
635
619
605
600
595
579
559
546
554
547
546
572
609
684
749
740
666
625
568
607
629
639
625
564
513
488
492
515
542
570
600
657
701
726
676
643
591
595
607
635
644
596
551
531
515
523
548
577
600
608
640
670
699
667
622
608
621
630
615
612
598
578
568
571
575
573
572
582
595
600
599
608
610
600
603
612
615
613
605
605
607
583
579
595
607
611
627
650
640
616
623
624
622
593
574
590
626
592
560
537
543
558
561
591
601
594
598
627
668
640
624
611
624
611
577
574
562
551
551
577
612
620
600
598
634
645
620
621
624
627
577
529
508
504
510
531
557
584
595
598
632
650
650
651
650
619
593
575
533
484
464
488
524
549
580
626
673
711
719
699
647
627
591
564
543
511
487
469
453
465
497
528
564
586
602
656
736
713
668
628
611
585
575
563
548
509
462
459
493
517
535
564
587
624
723
753
704
627
616
616
615
593
553
527
515
494
480
497
526
540
564
592
611
660
724
692
667
608
604
600
599
578
538
506
487
487
498
524
556
631
749
752
633
552
560
620
652
642
566
522
506
503
510
523
541
561
607
670
710
676
624
606
625
633
618
606
592
580
565
564
561
552
555
573
590
592
593
602
600
591
596
606
612
600
583
575
568
555
561
573
587
593
603
629
648
626
605
615
611
588
577
595
604
567
548
553
551
555
588
635
666
670
648
612
595
563
524
530
558
539
544
560
564
568
594
654
707
711
743
688
614
564
534
548
578
522
494
518
523
526
528
571
686
757
751
725
691
596
584
591
574
553
571
545
496
474
476
519
548
607
655
669
716
732
705
659
623
589
589
595
596
579
537
491
492
510
539
586
632
640
647
665
675
659
638
623
626
620
608
607
594
566
537
556
581
579
574
585
605
624
643
665
675
656
633
625
623
610
598
598
598
555
510
492
513
582
620
642
666
693
704
680
652
632
613
611
603
574
545
537
568
536
473
485
501
524
572
635
694
726
678
656
647
621
628
634
624
595
557
516
474
472
495
521
561
591
631
671
679
653
634
646
631
624
617
605
583
551
497
459
474
492
512
548
568
643
691
689
674
686
654
649
672
672
648
594
529
482
472
476
489
507
532
575
611
624
634
657
686
685
672
669
665
639
604
573
536
499
468
467
495
533
561
590
618
642
654
648
662
675
665
652
630
606
593
587
586
572
541
531
530
533
544
566
586
594
608
625
633
619
610
622
636
634
627
625
621
602
592
595
593
580
572
581
582
584
591
602
593
575
566
572
583
593
608
634
647
640
629
625
617
605
586
575
569
572
573
596
602
581
573
582
595
612
632
649
665
656
633
607
590
586
579
589
577
559
521
523
529
559
607
646
667
644
636
660
667
611
598
599
604
602
557
665
639
563
512
503
520
555
595
649
683
609
508
630
541
556
600
633
639
620
618
630
626
611
582
575
585
592
595
581
588
586
592
611
630
626
619
625
626
606
576
566
569
557
559
564
571
580
598
635
664
660
652
644
628
592
570
588
617
595
534
519
507
521
543
579
619
643
635
627
632
625
608
598
620
641
639
580
539
524
516
541
561
561
582
614
632
633
635
641
646
644
652
664
629
559
528
520
516
527
540
581
623
632
628
639
642
640
638
648
651
617
556
522
511
508
513
534
558
572
584
595
617
627
627
639
661
669
678
671
593
541
536
548
547
585
608
630
632
615
601
591
591
608
645
652
544
438
446
460
487
532
580
614
620
601
565
535
544
602
644
614
559
560
541
547
560
561
549
535
532
523
532
567
615
631
616
592
561
552
559
566
581
592
583
579
583
570
558
555
557
555
560
589
625
642
639
618
606
586
564
552
541
539
536
547
559
562
567
595
607
596
583
580
583
579
574
567
550
517
501
527
576
600
612
612
587
570
564
556
506
460
456
493
548
601
598
596
591
590
570
544
522
476
452
476
518
563
588
608
625
631
605
592
560
513
496
506
542
553
551
561
559
536
532
554
562
537
498
507
538
537
565
574
555
508
472
475
497
539
555
547
555
579
581
553
564
593
592
569
547
523
506
519
528
522
494
511
537
535
528
553
595
605
579
547
536
528
530
536
531
515
523
556
561
574
575
545
526
507
494
499
512
503
514
516
524
532
539
558
582
604
600
575
540
511
499
508
508
503
515
496
524
537
546
576
616
600
561
539
532
535
551
551
573
537
485
487
519
516
483
477
500
510
507
532
526
506
527
575
580
604
595
597
595
560
525
519
518
506
508
514
536
555
546
542
536
524
546
573
543
493
467
467
484
506
518
554
572
556
549
566
560
554
574
554
521
473
456
468
507
531
572
566
569
581
573
553
545
539
538
544
523
495
492
519
537
535
540
534
551
566
571
595
590
551
517
508
521
530
519
524
564
557
534
516
489
465
466
485
513
520
512
536
551
551
587
620
670
671
615
564
527
504
500
512
508
493
503
524
543
529
526
521
543
587
580
556
573
574
552
545
515
497
497
520
512
521
536
548
588
572
541
549
577
568
563
531
516
510
518
519
543
539
551
597
582
551
549
567
582
576
539
526
524
524
504
516
510
487
492
518
541
571
593
606
593
543
516
512
483
505
530
562
549
526
510
551
571
565
552
529
533
529
527
548
568
580
572
551
540
540
554
580
582
563
540
534
528
513
500
511
513
496
500
527
565
563
553
554
561
576
586
584
575
555
541
545
548
545
539
532
525
503
492
512
531
536
537
548
569
579
574
562
545
527
518
529
542
540
523
507
502
527
549
558
540
519
527
549
567
558
547
539
537
541
547
537
524
547
575
568
527
487
504
535
555
555
531
520
530
531
507
548
581
609
582
526
498
511
526
548
561
546
533
533
545
541
506
483
491
536
537
538
558
576
576
568
548
521
490
469
432
413
469
550
577
567
573
597
607
588
565
550
544
536
509
514
524
531
540
551
547
533
524
530
507
471
501
524
519
502
500
526
548
541
527
525
522
528
499
540
635
687
658
579
535
501
493
505
527
526
515
512
516
523
542
545
477
533
568
620
584
553
547
564
559
544
523
499
498
500
528
527
505
558
587
632
606
556
518
527
547
547
540
524
520
512
526
540
521
516
545
601
615
569
526
532
554
564
560
551
538
523
513
528
534
511
499
523
570
583
580
568
556
549
547
575
585
557
550
566
559
508
472
485
523
551
561
561
538
550
553
568
620
640
640
592
556
521
513
508
498
483
472
491
525
536
563
630
625
608
541
491
493
518
551
563
554
523
513
527
552
513
520
578
600
602
549
517
532
565
572
583
568
538
521
526
537
540
519
533
558
561
564
568
563
553
545
545
553
549
534
525
519
515
518
531
551
557
537
508
518
548
569
568
553
533
535
568
578
567
551
532
524
521
526
510
548
579
614
604
572
537
541
563
579
560
533
522
527
530
534
538
518
515
569
570
556
510
494
526
550
553
531
510
498
503
524
515
489
523
621
630
562
502
505
542
564
561
541
511
518
536
540
529
585
614
615
534
472
488
525
562
578
556
520
516
527
550
496
504
570
576
539
495
510
553
580
592
584
545
525
537
543
479
509
574
582
535
488
498
544
558
562
542
508
489
506
536
504
561
597
652
613
551
502
512
530
542
531
512
490
481
496
518
558
501
528
563
591
554
504
517
539
551
531
499
480
487
496
493
518
560
614
615
571
555
545
545
561
557
537
526
510
531
524
497
504
531
557
552
550
561
564
566
555
538
529
535
536
495
462
520
570
575
555
551
570
583
585
573
566
555
544
537
531
528
526
528
533
536
541
547
551
553
552
559
558
549
545
558
572
579
586
591
588
573
566
571
570
566
537
539
546
543
523
526
536
577
605
615
606
589
566
572
585
572
547
535
528
513
534
569
598
604
600
607
617
610
604
595
577
562
558
543
524
531
540
567
577
579
567
568
589
575
561
594
624
612
576
562
579
577
536
535
552
562
560
578
581
595
613
602
599
603
590
575
566
556
580
589
555
517
515
533
544
536
536
557
583
593
601
623
617
608
593
588
583
583
527
504
507
535
550
564
556
575
574
574
596
630
592
607
614
616
612
599
563
540
530
557
572
566
584
593
591
596
623
587
609
624
620
606
558
512
477
519
547
553
523
539
553
573
604
638
664
689
709
692
638
555
508
488
505
504
481
497
532
553
579
615
636
641
648
668
681
640
576
530
508
490
487
500
503
519
539
566
593
615
640
654
665
664
650
632
591
521
496
510
514
498
489
512
545
554
555
585
611
630
651
676
688
668
614
560
529
508
505
521
531
531
543
558
563
567
581
608
625
632
630
641
636
621
599
567
507
507
530
541
541
548
566
578
598
621
630
632
629
627
628
643
605
531
545
552
547
536
528
531
536
548
550
554
578
593
604
612
627
626
603
600
609
622
605
575
560
548
530
525
524
523
529
548
565
567
570
577
574
576
577
590
596
582
563
560
563
553
536
546
567
580
585
593
595
600
597
587
587
586
580
568
548
519
513
543
541
519
528
551
569
561
555
566
577
575
572
575
579
580
581
587
590
582
573
568
572
552
514
503
524
564
595
609
613
604
595
598
607
606
611
618
630
632
618
594
565
531
515
532
548
554
561
576
583
590
593
592
592
594
598
613
625
624
607
596
583
560
545
541
543
543
542
555
580
584
572
567
595
592
596
592
583
567
552
542
533
522
512
516
521
516
517
531
545
547
551
555
555
549
561
598
611
589
560
548
542
525
510
512
517
521
524
538
556
565
575
569
559
579
599
598
574
538
506
487
471
453
449
463
489
515
530
543
552
558
561
559
555
564
582
600
629
616
578
545
522
475
441
453
487
524
543
555
565
561
568
580
575
567
564
580
578
584
572
558
538
540
528
468
474
512
540
554
563
574
591
606
604
592
594
597
597
607
604
580
563
558
508
456
460
480
515
543
550
563
570
573
582
592
597
596
616
643
631
597
535
496
477
498
505
504
505
544
585
609
606
611
636
611
631
625
607
591
555
529
507
501
506
516
524
547
568
567
565
566
553
548
570
590
610
586
534
496
500
523
538
545
575
595
599
611
592
590
615
612
608
568
533
493
480
485
489
480
517
577
603
632
601
605
607
609
592
590
585
545
502
489
498
514
554
583
615
591
569
561
588
612
620
620
588
530
487
487
508
515
516
523
566
591
595
642
639
631
633
614
605
576
537
496
463
447
448
467
503
598
633
669
630
572
564
600
608
596
556
525
466
421
423
465
487
523
627
633
646
611
594
628
653
626
575
526
472
430
433
460
489
518
602
653
679
605
574
575
615
609
585
534
487
468
479
515
552
580
588
598
595
572
567
574
575
564
557
563
566
552
536
535
543
549
551
561
570
570
569
575
579
574
568
572
574
564
551
546
546
544
545
559
571
573
576
586
591
580
567
569
579
580
576
576
563
536
511
507
526
531
533
545
557
566
573
573
576
589
597
599
595
589
589
575
553
511
484
492
507
523
528
557
593
590
595
614
633
645
653
643
582
491
422
389
422
463
473
503
546
568
613
670
682
647
656
668
649
560
482
441
450
468
470
475
514
517
461
529
585
673
735
755
721
621
519
439
383
449
504
574
633
684
667
626
547
447
412
444
507
527
604
688
711
672
604
554
466
430
441
456
497
532
629
694
738
697
637
537
471
438
433
482
530
542
573
671
691
637
561
507
482
495
524
559
581
540
558
616
656
597
575
599
555
504
508
524
547
523
512
547
608
635
624
622
644
630
574
559
540
511
507
484
509
530
572
612
646
649
641
617
601
558
500
483
463
470
535
568
647
650
686
684
633
571
543
526
482
464
451
527
589
663
683
632
598
592
590
535
505
498
502
474
510
544
611
643
693
689
628
585
587
544
487
491
507
485
529
584
640
639
632
637
615
593
551
513
499
512
525
525
549
580
609
623
622
623
604
583
564
530
502
520
532
524
540
586
613
608
609
628
635
623
578
546
526
526
536
548
562
567
561
556
551
545
549
571
595
590
578
566
559
551
541
554
574
576
564
556
549
526
533
582
633
641
622
554
555
585
595
584
591
582
547
502
473
464
467
494
529
598
644
607
618
612
619
623
624
584
510
475
455
470
477
497
578
633
622
595
609
618
619
631
626
565
489
443
432
453
483
563
586
665
617
594
582
601
613
616
615
577
518
468
464
491
524
563
592
609
592
608
617
585
552
533
539
537
547
585
600
580
531
512
519
534
552
573
579
574
568
568
574
561
548
561
583
605
610
605
586
536
516
517
533
540
539
577
616
612
607
599
589
587
598
614
603
560
515
486
467
462
455
552
665
684
604
577
555
583
615
627
616
559
497
456
443
434
444
552
706
705
629
581
600
602
619
609
583
496
427
415
437
443
491
598
694
649
602
582
590
587
608
635
617
553
482
449
451
476
513
578
610
626
608
568
577
583
588
588
583
558
551
562
551
534
514
504
506
504
515
538
558
569
605
640
636
634
613
603
593
585
561
561
547
532
507
491
495
506
525
547
566
586
605
622
639
635
623
611
596
579
551
521
502
477
489
518
529
547
572
596
623
643
619
611
615
579
576
562
543
487
491
527
516
521
533
541
567
592
635
642
649
664
654
563
523
465
451
466
474
473
499
552
580
615
660
637
633
620
604
576
521
479
452
464
495
487
503
567
679
633
616
611
626
602
604
577
535
478
428
451
488
501
514
578
689
637
648
583
577
575
578
593
553
513
466
483
513
527
544
628
660
646
560
526
551
569
580
578
558
510
457
471
506
523
542
643
643
670
610
571
575
596
597
580
534
463
434
465
509
529
578
613
667
659
573
550
572
593
617
612
555
497
454
453
479
500
519
575
618
695
655
596
587
561
586
589
583
563
519
479
462
465
489
522
551
584
611
640
652
618
586
557
556
558
556
576
593
561
521
508
508
510
515
527
545
571
580
594
617
623
607
574
555
541
537
538
562
566
547
537
538
548
556
559
592
599
588
591
582
573
561
568
573
566
552
547
538
519
513
529
543
552
567
575
588
608
599
588
581
578
574
562
545
528
503
495
519
537
549
585
587
588
585
579
575
568
567
537
521
519
515
527
541
564
570
574
583
583
578
576
589
586
566
534
514
505
496
515
536
539
536
549
550
557
574
588
584
573
576
586
604
575
527
505
508
508
499
506
517
521
535
568
600
603
581
566
561
549
546
552
563
552
555
587
606
590
564
560
572
591
600
591
582
578
574
568
561
553
550
560
558
538
536
551
570
568
570
603
619
589
559
571
574
555
519
517
519
487
485
510
569
578
590
644
672
636
594
575
568
557
537
557
573
560
551
560
582
580
574
596
615
595
575
556
539
513
509
527
542
536
542
562
593
600
606
626
630
599
577
551
534
532
540
553
545
547
551
576
595
598
612
629
617
593
576
575
561
529
524
537
543
533
539
556
564
557
555
564
566
560
563
576
587
582
575
576
575
566
556
560
561
555
552
565
578
578
574
575
575
569
567
572
580
575
572
577
582
577
570
569
565
555
550
557
568
572
573
580
587
580
571
572
578
576
572
579
587
584
581
584
583
574
567
564
568
562
556
564
575
573
563
566
568
567
565
575
584
580
574
578
584
578
571
568
563
553
547
558
575
580
575
578
582
579
577
576
577
571
560
565
572
572
568
572
575
568
558
560
563
557
555
566
579
579
572
575
579
576
572
579
580
574
571
577
582
575
571
572
571
558
552
552
561
565
566
572
579
580
576
582
588
578
573
580
586
583
573
571
571
564
556
552
551
543
536
543
552
560
571
591
607
604
600
603
607
595
577
571
566
547
524
518
520
530
540
556
575
583
590
601
609
602
582
572
575
576
573
575
576
568
556
543
524
508
509
534
559
572
580
593
601
593
588
592
597
591
585
585
585
578
572
575
574
557
537
525
519
519
529
553
573
575
573
574
575
569
566
569
576
575
569
574
577
572
567
570
568
556
541
535
537
543
561
586
604
601
598
603
612
607
601
598
590
579
574
582
583
574
563
557
547
529
512
520
539
555
569
583
593
595
598
607
618
627
619
616
629
616
587
574
569
543
530
501
416
421
479
548
558
545
536
536
538
516
519
547
567
583
593
596
591
576
558
547
542
532
525
530
535
530
519
520
517
515
529
560
591
606
605
610
618
623
628
632
623
602
585
582
584
577
571
575
572
552
528
517
528
535
547
567
574
569
564
563
568
566
565
571
577
574
572
575
575
566
558
561
566
562
558
560
561
553
546
558
574
583
588
598
602
602
601
598
595
590
583
583
582
572
561
556
556
548
551
568
585
588
586
589
590
590
583
582
583
580
573
568
561
552
547
542
550
559
574
589
590
581
585
591
587
580
576
578
576
562
553
558
559
547
554
578
602
611
615
627
627
612
598
593
587
568
550
544
533
512
515
545
571
573
567
572
586
589
586
587
588
581
573
572
572
566
558
549
544
547
561
585
597
591
593
606
609
604
593
590
593
579
568
563
562
546
527
542
569
579
576
578
583
595
599
603
604
597
578
570
577
574
561
534
516
520
541
563
573
567
559
573
593
595
595
593
592
584
570
569
578
564
540
544
564
577
579
583
583
573
580
592
601
600
591
592
595
585
575
573
576
559
547
549
563
574
576
572
570
572
573
585
595
593
591
592
588
592
596
590
571
542
535
553
567
567
566
572
577
578
587
600
606
599
590
589
592
585
563
543
529
526
542
561
575
572
570
578
590
597
596
598
599
585
575
583
595
574
542
527
538
553
563
573
572
570
571
586
605
605
597
595
592
579
574
578
577
554
531
532
554
570
574
577
581
590
591
601
605
595
588
580
572
560
550
547
540
538
551
570
576
568
561
569
583
586
583
590
596
595
580
574
583
582
569
552
545
549
559
573
581
579
579
595
609
604
595
596
592
579
568
560
549
535
519
526
551
575
583
585
579
572
579
592
600
594
588
591
593
579
565
562
562
551
540
545
559
573
588
598
595
584
584
588
594
592
590
593
588
576
568
567
554
537
524
536
558
570
575
580
576
573
579
591
590
594
600
589
581
574
570
567
547
518
505
524
551
566
572
572
568
576
579
585
593
592
588
582
581
575
568
551
536
526
534
560
582
583
579
567
568
575
570
581
591
599
591
587
585
583
575
566
556
549
556
578
588
575
559
571
583
579
582
591
601
585
572
579
579
562
536
534
544
558
567
570
566
559
563
580
587
590
595
601
591
583
589
585
565
539
523
539
564
565
560
563
582
585
583
591
602
583
571
581
585
565
545
548
561
570
569
568
571
579
581
591
600
583
576
581
584
580
567
566
563
557
556
568
583
585
576
576
577
576
574
580
587
584
581
582
581
574
563
561
562
558
558
572
585
584
582
587
591
587
577
575
572
556
552
564
579
584
585
589
583
565
551
556
567
571
573
579
584
580
576
580
581
570
564
573
579
582
586
594
598
588
578
578
575
562
550
548
555
558
562
573
580
578
575
581
587
582
577
579
584
578
574
579
584
577
569
568
569
561
555
557
561
560
560
569
576
574
571
575
579
575
570
573
577
572
568
571
575
572
570
578
587
584
580
583
585
575
563
559
552
542
541
554
569
574
577
591
599
600
597
602
602
595
583
578
573
561
545
537
533
531
537
558
572
574
579
591
597
595
606
612
613
609
588
573
566
547
519
512
523
541
554
570
580
575
581
601
614
604
590
570
563
556
552
544
520
487
486
521
567
591
580
572
571
581
585
594
598
591
583
583
581
569
558
551
544
534
536
561
591
603
600
598
594
585
585
591
598
595
588
588
588
580
572
572
571
560
546
542
542
543
550
568
579
579
578
582
585
580
578
583
591
589
584
585
584
578
573
577
582
577
568
565
556
543
539
552
571
579
575
578
578
572
572
581
591
592
588
593
595
591
583
583
584
576
569
568
568
556
544
537
536
539
543
555
561
558
553
560
566
563
561
573
587
596
609
623
631
618
601
594
592
580
563
551
549
537
531
543
560
577
584
585
581
576
581
595
607
599
582
580
579
565
550
544
536
521
510
523
547
561
565
572
574
568
569
579
590
585
582
593
602
591
580
581
578
558
540
540
552
559
564
572
573
568
563
573
585
588
596
607
601
585
583
591
589
569
547
534
543
553
564
576
582
576
569
590
612
624
621
622
594
578
572
570
561
506
456
477
518
550
542
593
656
696
693
661
631
599
549
477
420
368
299
339
405
506
547
612
641
655
653
611
572
534
523
508
489
434
460
537
593
597
595
615
641
627
624
605
555
540
534
527
523
492
458
490
524
576
585
588
610
622
612
627
587
538
521
540
572
541
484
536
568
574
579
622
666
647
645
612
538
526
531
554
504
472
490
551
579
566
542
572
607
615
636
567
542
537
546
583
528
501
527
579
612
580
575
602
606
626
627
576
591
580
558
592
545
473
482
521
562
532
509
552
597
627
628
579
571
570
559
601
573
501
475
516
568
584
560
568
564
591
614
566
589
603
600
611
605
524
491
512
558
585
594
587
598
579
574
552
547
534
538
584
573
571
596
631
618
595
579
592
577
585
568
550
549
532
532
572
539
504
551
589
610
581
572
588
569
564
537
521
533
556
551
532
523
504
519
572
621
627
605
580
566
546
513
511
560
587
551
558
582
606
600
605
628
610
592
577
563
556
539
568
568
477
444
478
543
564
639
644
630
590
546
508
498
494
485
485
500
564
615
666
696
685
641
596
532
496
498
534
513
502
509
567
623
582
592
596
599
590
559
551
579
602
549
464
468
526
575
572
582
574
579
584
574
551
604
665
639
528
514
540
548
552
552
538
578
583
576
596
619
609
571
536
519
533
552
568
585
604
624
646
629
534
439
440
458
443
469
517
593
683
704
656
601
578
541
484
421
380
402
489
575
640
649
617
574
527
513
497
502
541
575
567
541
534
578
620
595
575
558
538
539
541
539
543
566
611
620
595
560
552
556
562
540
543
576
575
597
619
598
579
590
591
623
624
573
525
532
554
576
583
590
609
603
558
529
528
536
539
536
592
636
590
553
564
600
611
606
608
592
554
537
528
510
520
563
619
688
639
573
571
570
579
583
593
597
575
540
523
504
498
506
547
650
739
663
596
582
560
562
571
579
624
623
579
568
517
486
493
524
598
695
700
644
620
580
564
566
571
594
609
582
559
534
508
502
523
579
639
659
651
610
605
603
575
568
590
593
579
583
554
510
485
467
507
596
655
636
601
605
575
547
561
576
597
611
617
606
531
510
522
577
637
567
510
525
565
571
577
619
620
630
590
536
508
505
615
666
656
591
507
531
553
570
592
603
600
611
624
588
549
532
560
596
612
598
546
543
559
569
590
591
575
571
595
621
572
541
550
566
607
651
659
624
585
556
539
526
540
565
606
621
625
600
568
589
630
626
597
561
516
498
523
551
550
567
593
612
604
613
596
558
576
627
663
606
516
489
537
567
574
545
553
587
609
607
598
556
541
553
603
645
601
537
533
559
575
587
589
588
606
600
576
579
572
569
590
606
595
578
583
564
543
525
544
571
576
589
620
638
604
583
567
553
562
583
601
609
613
625
562
523
520
548
565
566
563
588
630
623
595
567
543
551
566
572
583
586
575
524
526
533
544
560
568
574
603
637
630
614
547
522
536
553
580
620
606
545
545
560
592
613
598
593
603
590
567
549
549
560
580
598
608
615
594
549
537
552
564
574
580
596
611
618
590
561
528
515
527
548
561
569
569
559
563
565
569
585
618
629
635
598
554
520
531
555
546
560
569
549
543
574
589
594
593
614
642
621
566
532
512
521
530
539
551
551
571
574
613
624
605
588
583
603
614
616
616
597
556
513
509
521
525
529
533
537
527
511
508
511
502
494
498
512
550
575
579
602
609
628
646
657
671
651
557
575
675
666
598
507
461
460
457
438
454
499
551
620
645
689
725
674
541
550
569
582
515
486
528
514
495
510
524
563
582
598
626
639
647
590
551
525
529
581
608
622
615
555
506
507
511
514
534
575
591
628
632
580
523
472
473
524
572
617
575
520
505
513
541
580
609
619
640
582
523
485
472
502
553
603
622
586
536
511
527
546
572
605
635
619
537
479
447
448
470
535
595
580
551
547
552
563
581
604
632
653
620
515
462
448
444
475
536
587
608
546
545
535
527
530
567
606
630
641
609
507
425
403
417
453
510
559
567
583
569
576
602
615
605
559
512
484
467
450
452
480
506
551
560
575
590
572
554
548
545
566
599
637
662
641
572
463
416
430
461
517
521
560
606
605
603
615
547
522
564
574
519
464
464
467
484
523
559
556
576
598
560
532
534
530
555
610
654
615
531
478
479
503
515
528
536
593
608
584
588
577
565
569
588
597
594
578
578
589
575
534
508
491
459
441
475
515
523
538
566
603
618
607
612
603
547
570
548
512
494
517
527
474
407
408
441
512
579
637
632
651
664
605
609
623
554
542
583
608
592
552
515
469
491
498
530
574
591
591
621
647
617
571
556
512
500
542
561
593
594
527
517
509
525
543
575
590
596
605
599
577
568
550
593
631
618
588
576
552
520
525
533
556
565
566
570
575
573
575
575
564
542
527
527
537
546
552
569
585
582
581
587
587
584
584
582
595
569
524
498
496
497
502
510
536
556
567
600
574
656
690
720
647
565
507
492
486
496
526
586
613
570
529
510
528
541
556
563
567
580
600
617
642
664
594
562
564
576
571
577
568
531
488
499
524
536
534
547
554
545
533
555
627
662
641
602
582
566
539
538
535
528
534
557
571
555
561
548
528
521
547
541
554
586
610
602
593
560
565
582
590
590
566
573
580
528
516
502
512
544
584
595
593
572
569
561
569
564
574
584
595
582
580
565
561
579
557
563
579
579
577
576
561
558
554
552
562
575
552
556
572
563
534
560
561
518
535
560
572
574
531
543
576
587
596
598
574
577
574
560
565
582
590
574
565
556
566
566
576
543
540
561
571
543
557
600
596
625
616
541
534
527
537
557
578
591
556
548
559
561
568
590
620
586
563
511
475
516
537
607
640
591
567
549
558
562
563
576
596
615
582
541
502
481
499
531
546
591
588
576
559
538
537
560
587
582
598
609
570
563
543
548
593
605
600
576
520
537
539
546
559
562
571
575
575
554
536
559
564
582
595
614
602
552
534
524
530
535
535
520
526
536
524
560
601
631
611
586
585
575
555
548
548
533
534
552
567
585
590
585
576
592
585
591
585
572
558
550
532
504
502
537
556
540
531
552
589
600
633
649
675
655
595
572
553
439
440
459
484
588
679
667
604
591
587
588
590
588
600
591
557
528
509
505
504
539
615
672
625
555
547
554
558
556
557
562
500
614
616
738
709
593
510
453
463
424
427
512
587
621
620
621
611
588
578
597
599
556
535
540
505
476
495
552
585
614
673
699
675
608
566
560
551
508
471
496
460
419
468
555
660
700
671
627
615
607
584
570
573
550
511
529
524
472
466
510
519
566
657
715
670
601
596
601
603
587
565
523
482
472
438
418
461
507
567
633
667
662
634
615
601
598
592
581
563
543
478
415
439
465
505
562
596
614
641
649
668
647
593
559
533
513
496
432
436
473
496
540
627
673
646
629
636
642
628
613
591
536
491
486
474
465
480
521
569
611
639
660
653
631
595
574
568
552
520
494
486
451
418
444
478
512
559
606
631
656
651
651
620
544
507
518
523
529
561
603
628
637
648
679
675
604
525
492
500
516
535
565
600
558
515
519
490
470
498
543
583
606
614
619
643
630
614
618
618
593
562
544
491
441
430
442
486
578
674
663
627
617
611
605
609
625
599
591
592
549
469
450
480
504
551
600
630
623
613
637
640
600
573
578
597
598
599
592
564
512
464
452
476
499
529
576
627
635
604
604
636
660
636
603
563
522
479
484
489
472
521
586
666
721
696
643
614
592
572
562
552
524
517
534
539
503
481
510
547
573
600
608
583
582
666
657
618
559
490
462
489
505
515
591
669
694
685
674
620
583
558
538
540
530
518
525
525
525
497
512
568
630
644
638
624
575
525
535
541
515
511
537
565
589
595
579
578
611
632
642
641
624
582
527
480
500
516
524
528
533
542
604
655
604
483
479
472
463
516
595
634
620
582
592
610
608
585
570
553
568
575
540
478
419
370
388
489
627
736
736
716
662
607
561
551
547
537
542
527
496
447
423
449
511
578
669
699
656
622
623
614
552
531
547
541
540
562
624
569
493
455
477
556
601
625
616
605
558
573
589
571
558
568
572
588
612
604
560
526
501
510
558
587
587
586
601
590
562
565
575
577
576
576
584
601
615
623
615
606
565
531
537
550
566
564
544
535
534
541
560
572
549
517
520
543
588
665
676
666
654
635
613
587
565
555
551
528
481
470
466
481
516
555
569
632
688
703
725
640
583
537
489
434
439
443
449
470
497
528
588
604
581
595
630
654
611
539
511
488
459
449
523
587
599
601
608
626
611
592
606
627
624
608
577
541
478
465
460
459
490
526
573
606
630
644
660
651
620
595
587
580
557
541
539
539
536
537
546
553
548
549
553
557
559
562
578
591
597
617
645
703
704
665
631
617
605
589
568
552
528
507
504
509
510
511
540
599
601
600
616
630
631
613
591
609
616
570
553
573
526
513
541
575
610
623
554
510
508
539
580
620
624
633
650
615
589
566
531
532
551
574
608
595
502
448
455
498
531
559
591
628
638
624
621
605
571
549
545
559
575
593
536
510
515
545
570
571
559
572
593
591
588
595
580
583
598
615
617
559
481
460
477
478
543
531
502
592
602
567
591
607
611
589
585
590
588
576
562
535
515
513
523
538
560
556
579
593
594
594
608
627
627
596
591
590
579
568
561
552
531
521
531
552
570
588
584
588
573
555
566
591
608
600
587
588
580
571
564
551
529
518
529
559
558
578
579
577
571
546
553
595
611
609
592
590
582
568
556
536
516
515
554
575
582
591
594
580
566
543
542
559
577
587
606
608
598
587
583
567
535
509
509
530
558
571
590
578
567
548
557
582
595
603
602
593
582
556
518
490
478
511
569
605
612
586
575
573
614
618
615
586
556
558
547
536
501
479
505
541
590
605
612
574
574
572
585
591
583
574
579
579
572
555
514
477
478
494
524
563
588
575
569
558
535
568
603
623
620
599
558
541
505
476
495
518
532
559
594
616
588
566
541
519
547
599
621
624
605
587
575
551
518
485
491
512
528
553
588
593
569
539
517
545
595
612
620
607
582
564
540
503
479
476
503
544
587
602
572
563
557
552
609
641
636
604
570
557
532
516
497
490
484
487
518
552
567
563
562
564
526
514
551
589
615
608
600
594
578
567
556
545
529
525
531
538
534
529
524
538
541
555
585
612
620
623
622
625
615
597
586
586
578
564
563
551
547
552
570
585
584
590
620
640
626
599
568
529
487
460
457
439
445
473
527
569
587
572
577
588
553
589
596
595
575
547
549
544
496
450
468
505
547
600
608
624
605
575
594
608
601
581
569
552
525
504
475
478
484
493
538
572
547
537
544
532
537
572
600
632
627
604
583
543
465
447
467
485
520
550
559
571
539
548
577
625
641
638
611
581
526
458
428
428
441
480
536
562
559
544
522
539
569
606
631
633
608
588
552
499
483
474
497
533
555
586
578
561
566
577
595
604
581
548
535
517
497
496
514
526
536
544
558
569
559
542
541
547
542
542
552
558
556
551
555
561
556
552
559
564
562
564
573
582
574
566
571
571
571
563
568
572
561
556
561
560
556
552
553
562
560
551
561
566
561
564
571
573
571
567
569
575
571
565
570
574
567
563
567
569
566
561
562
569
563
558
563
568
561
559
562
564
562
558
560
567
562
556
562
567
562
559
563
566
563
558
560
566
561
556
560
566
559
556
561
564
561
556
560
566
561
556
562
567
561
557
559
563
560
556
557
562
558
553
559
564
559
556
560
563
560
555
559
564
560
554
560
563
559
555
559
563
560
555
559
564
559
554
559
564
559
556
560
563
559
555
558
563
559
554
558
563
558
555
559
563
559
554
559
563
559
554
560
564
559
556
560
563
560
555
559
564
560
555
559
563
559
555
560
563
560
556
560
566
561
556
560
563
559
555
559
561
560
555
559
563
560
555
560
564
560
555
560
563
560
556
559
564
560
555
561
565
560
557
560
565
560
556
560
564
560
555
560
564
560
556
560
565
560
556
560
564
560
556
560
565
560
556
560
564
560
555
559
564
560
555
560
565
561
557
561
565
561
556
561
565
561
557
560
564
560
556
559
564
559
555
560
564
