589
594
590
585
589
593
589
584
589
594
590
585
589
594
590
586
590
594
589
585
590
593
589
585
589
592
588
585
589
593
589
585
590
593
589
585
588
593
588
584
588
593
589
584
589
593
590
585
589
593
590
585
590
593
589
585
589
593
589
584
588
593
588
584
589
593
589
584
589
594
591
589
598
611
619
630
646
680
686
658
619
591
588
578
559
531
530
519
508
524
547
570
595
622
639
637
612
587
568
552
551
547
539
541
564
590
605
601
582
540
487
446
438
463
451
462
493
551
631
684
703
686
595
553
539
511
458
438
497
510
469
485
551
637
667
689
684
621
565
518
473
456
472
525
580
621
678
736
728
655
575
532
472
453
468
442
451
494
569
654
718
746
700
611
568
511
450
398
479
489
427
452
512
602
677
725
741
639
545
490
405
331
398
468
443
460
479
561
660
733
733
684
583
532
457
381
404
519
519
507
494
565
630
697
732
686
574
504
449
432
440
523
564
548
536
600
660
703
695
579
516
448
367
370
395
453
443
425
482
609
689
755
696
577
499
411
355
368
411
484
423
431
527
628
740
793
697
563
492
402
373
423
504
497
446
465
576
675
734
714
621
527
448
372
355
454
492
512
471
528
613
674
701
716
665
577
509
441
388
426
531
592
564
497
532
592
627
676
708
636
553
493
458
438
509
600
534
501
488
545
614
671
716
694
608
545
484
426
423
519
582
520
487
501
585
614
674
714
656
569
511
487
436
504
631
621
527
499
557
582
608
650
659
584
540
511
519
538
595
656
606
548
546
575
583
606
616
616
565
540
537
544
564
587
615
621
583
554
550
569
594
621
624
607
597
571
542
534
531
529
521
522
553
571
560
557
575
608
621
620
644
650
590
546
530
502
446
427
452
505
498
499
524
571
634
667
689
688
607
539
523
423
390
439
487
488
484
481
539
616
657
684
669
580
522
473
336
382
462
456
495
484
510
572
626
702
700
628
545
496
352
335
462
462
456
445
483
533
595
632
657
682
603
531
428
319
388
467
476
488
476
507
514
564
571
590
639
640
569
523
496
468
457
483
536
555
539
521
527
548
561
563
580
617
644
632
622
625
583
512
485
501
590
569
489
453
524
551
583
623
655
632
583
577
535
460
496
607
618
553
486
516
556
583
640
667
649
611
553
555
609
628
586
511
478
529
575
641
673
659
630
591
569
580
605
575
497
457
462
568
635
660
672
647
588
542
569
627
596
487
449
505
580
574
650
653
620
578
541
592
637
621
518
513
515
560
595
645
653
625
577
576
596
615
560
545
568
573
599
600
663
664
632
593
572
590
648
548
439
520
554
578
641
693
620
567
564
584
640
553
505
541
588
620
610
579
632
628
582
568
602
655
620
570
498
544
560
574
614
588
584
635
649
617
593
591
595
606
604
594
574
540
495
465
490
512
535
585
652
687
683
673
663
657
632
579
500
474
431
414
425
476
537
583
659
687
689
679
673
661
622
545
497
487
472
461
486
564
634
627
642
631
623
613
620
632
600
531
524
532
529
530
547
605
649
608
589
594
609
621
627
624
602
568
547
569
559
545
556
585
616
638
642
620
597
579
599
630
614
550
505
499
506
515
542
569
598
621
647
622
617
635
640
621
594
592
571
579
615
590
555
554
551
554
591
630
659
669
630
587
549
517
516
567
589
560
546
569
567
563
619
679
648
588
581
556
524
553
645
610
534
524
544
580
603
636
635
621
598
566
554
568
623
566
535
540
539
560
593
662
666
622
617
607
593
591
601
562
505
482
494
557
611
633
628
623
615
597
591
586
589
580
531
499
504
533
589
634
664
652
624
624
601
567
568
644
610
524
487
481
553
636
676
651
591
561
565
569
586
613
570
527
498
503
563
641
675
637
608
604
594
548
589
623
563
506
502
563
622
673
654
622
611
557
504
559
635
590
533
517
528
585
641
655
614
582
584
585
574
590
626
600
515
487
521
572
600
623
615
588
586
523
561
654
649
559
498
503
545
589
612
614
570
563
560
541
599
623
613
555
489
482
555
586
601
639
604
589
529
470
586
631
588
511
496
530
585
575
626
639
600
543
532
535
612
602
551
500
467
498
557
568
622
628
617
595
547
521
617
642
594
519
513
529
550
541
543
577
582
579
581
595
574
598
628
655
645
611
579
568
552
535
529
514
505
515
551
591
618
618
605
607
603
595
592
599
611
592
562
558
580
604
605
623
625
616
621
571
596
559
514
511
503
475
473
507
519
560
596
642
687
697
639
572
496
415
389
431
503
540
510
487
537
559
588
641
688
643
608
525
422
428
503
579
527
516
514
545
562
562
624
690
633
569
536
500
517
572
619
567
531
547
570
587
550
573
626
612
560
533
499
528
563
566
517
492
486
537
581
638
643
631
576
603
500
551
561
591
521
468
493
556
593
616
620
623
586
561
500
467
496
579
571
527
541
568
648
619
648
614
555
488
515
491
552
603
556
539
543
574
586
559
571
578
563
520
558
587
614
653
607
534
503
523
583
590
580
577
562
585
608
642
530
529
567
496
521
556
590
601
580
579
567
572
549
595
589
563
539
539
613
575
614
627
590
543
594
600
530
527
595
604
568
518
557
584
633
632
576
581
584
525
548
556
540
575
570
564
591
603
638
593
584
606
612
575
543
526
521
588
558
583
588
615
588
547
552
565
563
554
604
612
582
575
556
542
582
606
585
538
509
567
570
662
586
544
524
539
568
607
615
615
612
563
541
553
559
556
559
571
624
617
571
545
529
535
583
627
635
606
585
576
569
579
591
591
586
607
594
573
545
534
541
551
544
564
587
614
624
640
660
661
628
598
555
477
433
462
474
476
497
564
669
724
698
596
528
547
542
551
533
546
580
604
489
456
480
553
675
732
624
564
546
508
554
541
566
573
517
509
556
654
692
644
616
556
532
526
508
546
573
580
574
565
567
576
604
643
630
603
595
583
575
565
574
576
562
545
550
557
550
550
568
595
587
594
633
633
566
547
565
590
596
575
562
564
545
522
553
576
591
621
639
605
570
595
595
588
548
524
536
543
507
552
632
640
639
613
587
572
564
558
505
510
548
590
569
580
679
665
587
547
518
546
585
605
574
509
507
559
570
521
500
589
667
702
649
560
520
545
580
548
560
595
607
578
564
609
617
603
560
594
637
616
597
572
528
549
563
563
544
487
516
554
631
664
619
592
602
587
567
526
532
575
615
598
562
557
530
571
588
592
591
576
568
563
551
531
556
605
593
599
627
642
597
579
574
559
512
476
488
541
576
627
664
670
627
608
607
615
591
563
512
458
506
579
626
571
593
628
617
589
578
569
581
557
560
528
558
611
658
634
616
630
595
539
555
573
598
562
526
531
517
535
595
628
628
602
606
586
572
560
527
543
556
529
535
579
596
627
638
629
595
559
615
595
527
558
560
575
572
607
586
608
619
628
563
570
550
528
557
574
546
528
569
571
593
598
630
620
593
596
516
534
587
597
597
531
543
505
610
591
604
592
583
565
595
581
559
572
610
607
566
515
484
503
552
583
600
570
608
622
639
614
578
569
557
559
570
572
595
616
598
563
553
542
550
558
554
590
622
636
616
595
575
556
519
490
501
534
545
572
622
614
598
564
575
603
616
625
650
620
608
566
507
456
463
483
540
574
576
602
585
598
607
615
599
606
608
564
504
499
529
492
503
513
555
578
615
662
642
595
537
504
510
523
558
534
531
522
568
663
643
612
610
580
536
492
499
525
568
611
573
541
508
545
569
637
626
601
542
524
530
556
585
591
586
589
594
602
605
597
584
591
597
615
608
599
579
566
566
556
530
523
541
567
581
573
548
630
648
585
599
665
666
622
574
564
528
487
470
467
531
603
604
602
582
586
615
636
650
648
615
587
548
533
530
544
573
658
584
575
559
568
601
620
629
633
615
566
561
558
562
598
609
574
553
569
595
624
633
638
608
580
580
591
591
590
590
591
579
556
540
565
589
602
619
622
604
588
595
615
623
611
589
569
549
548
552
541
524
519
528
526
553
583
640
689
691
655
641
632
641
575
545
558
526
499
511
540
564
578
600
612
613
623
641
666
668
657
641
614
588
566
543
512
472
451
448
455
476
506
551
588
625
665
700
718
702
657
585
544
507
447
372
314
318
340
412
466
510
588
643
658
668
665
638
583
499
430
359
316
326
305
393
510
542
591
637
659
675
675
661
614
583
564
531
477
438
418
419
457
487
509
551
605
633
631
615
580
544
523
504
472
428
411
454
478
513
550
578
595
600
598
605
604
591
568
542
519
492
472
477
494
496
504
527
551
562
568
579
588
587
580
580
573
556
539
520
494
469
471
489
519
544
568
592
610
614
604
595
589
572
548
522
500
489
487
483
508
538
563
592
608
602
589
577
572
558
529
524
526
515
497
506
547
571
596
608
617
605
583
574
553
526
505
521
531
525
526
570
608
616
625
624
593
546
519
514
524
543
571
601
615
606
601
604
598
576
554
551
556
555
561
574
589
591
590
593
587
568
548
549
559
563
572
590
610
617
616
616
611
599
593
596
598
592
588
596
605
602
596
593
584
566
556
564
577
587
595
610
624
625
608
588
588
585
573
551
544
546
540
542
548
557
571
595
608
617
605
604
624
602
576
565
551
540
524
513
516
530
545
572
590
597
618
599
583
556
534
538
555
566
518
499
521
537
547
579
601
608
596
561
531
495
499
526
576
536
519
534
562
576
584
608
593
572
562
547
535
557
584
600
586
563
546
539
542
551
543
577
619
594
577
578
555
547
576
614
556
515
516
544
577
583
621
660
622
597
496
461
486
543
537
484
513
491
519
549
565
601
593
559
532
476
472
548
606
583
561
564
569
577
575
601
587
548
517
578
605
583
563
536
504
551
591
619
603
584
577
558
574
601
606
619
573
546
554
546
530
534
535
548
542
527
525
527
539
550
564
598
615
608
607
611
601
564
527
522
503
483
505
537
553
578
663
739
662
628
577
616
523
427
437
319
353
436
512
560
659
714
634
598
560
620
550
471
496
458
435
492
558
612
583
589
586
631
575
573
572
558
520
531
541
527
537
567
597
617
600
601
601
609
606
618
616
590
553
512
496
512
502
509
563
592
620
637
632
647
646
634
602
571
528
487
456
453
460
441
497
522
548
569
611
614
645
607
595
581
587
544
521
515
509
522
571
580
570
591
607
610
616
616
616
604
574
560
543
524
532
539
540
555
568
591
606
600
617
608
590
553
534
519
527
553
569
559
577
575
652
625
599
578
543
539
567
567
545
547
562
549
525
536
575
596
587
622
595
609
611
616
585
549
534
526
528
543
557
560
612
621
558
574
596
552
538
542
528
529
531
530
582
611
605
622
614
629
630
598
543
524
509
510
547
575
580
579
548
576
584
590
614
589
543
550
568
540
546
590
580
518
507
544
594
558
582
594
569
576
585
589
555
557
585
574
573
559
570
558
579
616
605
582
556
507
466
472
543
556
538
515
533
560
594
596
628
566
593
594
536
549
487
511
537
544
552
551
554
575
597
701
657
549
551
457
468
476
545
624
618
533
536
556
582
647
659
647
607
536
504
467
502
515
555
601
642
578
535
548
604
646
623
598
578
551
532
559
524
458
498
580
608
598
589
603
671
647
605
585
580
579
538
536
536
529
518
554
589
582
581
593
623
611
603
605
611
583
536
563
550
538
559
619
620
595
552
562
575
574
591
600
599
550
524
541
559
574
585
584
569
566
562
565
576
584
590
599
604
599
596
601
604
599
587
586
588
581
570
569
570
565
563
564
572
578
573
608
628
623
611
602
591
575
574
572
562
540
536
557
558
552
552
558
591
609
609
587
580
563
555
574
592
583
565
561
571
576
564
540
527
529
537
561
588
604
602
593
586
577
565
572
572
554
553
573
595
595
556
528
524
528
556
593
620
626
609
598
587
582
585
578
566
553
556
561
542
507
497
529
567
589
604
610
620
612
597
567
513
498
515
551
565
517
513
527
582
648
623
608
595
571
574
563
548
529
531
568
609
568
539
555
624
655
605
590
563
566
533
557
537
494
507
592
645
590
560
568
639
626
583
573
569
561
554
559
528
498
513
603
639
592
576
528
565
598
624
625
605
572
538
466
465
521
608
637
609
588
586
628
619
592
564
561
553
563
553
546
567
589
608
603
592
565
546
544
545
540
543
556
564
560
558
565
575
581
588
605
618
616
611
604
599
580
550
534
535
515
470
553
826
663
646
638
654
644
610
547
460
463
482
488
452
446
502
544
626
662
655
606
543
547
484
477
527
541
505
473
516
628
643
662
646
598
517
527
530
494
546
592
629
567
478
512
561
633
629
596
580
570
560
579
576
557
549
568
592
589
566
545
535
523
519
527
553
595
598
591
583
576
595
603
576
548
531
526
507
519
537
575
604
673
630
604
587
585
570
552
534
518
486
499
522
532
511
540
585
582
570
541
562
601
610
601
584
567
561
543
519
494
492
519
583
589
572
561
574
614
619
581
529
520
531
521
518
513
573
577
547
516
544
598
608
602
546
522
510
535
532
519
532
575
552
512
495
521
584
611
625
579
533
535
544
539
536
520
512
512
534
519
545
575
584
583
595
588
556
533
524
531
525
497
518
546
556
574
579
588
572
561
575
581
551
504
496
498
487
533
542
533
504
565
586
611
556
517
560
593
595
568
568
532
489
490
490
510
576
575
593
560
534
575
590
595
542
508
507
533
561
588
587
563
572
591
590
575
571
564
538
524
527
512
556
624
611
598
589
572
561
564
556
553
559
579
571
548
547
547
540
526
532
566
579
569
563
580
590
590
582
581
582
581
582
591
598
594
599
600
591
568
553
536
512
518
540
516
521
528
536
578
593
638
632
611
623
566
534
446
465
485
517
549
568
586
604
590
572
568
590
575
550
545
548
547
548
531
481
524
545
594
598
559
585
599
617
591
518
474
488
557
612
602
619
624
628
603
595
624
596
573
547
506
516
506
524
544
570
605
623
637
603
556
570
609
558
527
563
578
537
509
521
496
531
553
590
603
566
590
620
618
600
531
516
507
493
560
536
529
560
579
578
585
614
598
590
613
568
534
564
598
578
526
493
529
543
569
590
587
579
600
606
609
586
591
575
538
519
532
531
529
553
566
585
601
592
590
600
598
604
606
579
532
548
569
540
531
540
559
573
616
628
606
583
573
575
573
573
582
582
575
572
581
590
578
573
578
584
577
564
565
572
573
572
577
583
583
580
589
594
591
584
590
593
588
583
587
592
590
588
593
598
595
591
595
602
604
609
628
648
638
599
573
569
566
545
513
518
515
520
541
560
577
590
638
642
647
623
579
571
556
508
477
477
470
492
534
574
589
619
613
600
567
567
564
614
626
590
532
496
510
537
544
545
538
537
564
613
596
586
577
589
586
578
549
508
503
509
516
535
558
551
551
544
536
524
543
538
546
582
569
559
551
549
566
564
559
564
562
565
547
552
555
538
537
561
588
614
612
594
580
572
561
551
551
550
543
539
545
546
535
522
529
537
536
536
542
571
591
604
626
614
621
607
592
570
539
494
459
449
459
463
479
501
533
599
660
659
665
599
557
490
458
489
545
555
549
533
519
559
624
673
675
634
596
561
532
497
450
421
438
476
510
575
631
652
655
669
674
621
536
465
417
382
411
443
501
588
675
725
738
708
675
595
540
506
495
507
457
458
515
460
499
593
615
594
577
573
590
583
540
471
424
454
521
544
554
670
800
731
624
559
543
545
543
552
545
533
525
535
547
532
547
582
627
626
604
606
596
560
546
495
430
428
456
487
593
624
716
691
608
609
591
605
585
584
577
521
466
435
416
430
521
550
649
656
616
595
569
554
541
527
520
520
528
559
593
640
637
598
580
569
568
570
550
552
573
582
586
598
629
622
581
572
583
591
591
585
586
584
578
583
609
609
556
509
520
581
600
598
601
592
580
579
593
570
533
527
566
607
592
578
574
574
585
582
577
537
509
534
558
595
619
590
576
561
567
596
600
553
502
492
532
584
615
623
625
592
562
571
592
579
541
507
542
574
572
607
609
599
563
541
573
598
579
535
528
563
569
580
588
594
568
531
542
580
601
593
552
540
572
588
579
595
600
588
576
564
543
552
582
591
575
556
558
574
575
570
589
594
575
560
560
579
592
583
567
564
572
576
583
585
575
565
563
567
574
579
576
575
566
563
577
581
577
575
579
584
574
570
572
571
568
567
576
579
579
576
580
587
586
582
585
593
598
606
620
616
591
571
565
559
530
499
480
489
513
557
627
694
741
701
659
627
569
537
531
517
517
521
527
553
550
554
575
585
579
570
582
597
597
585
578
569
554
540
531
553
577
585
600
618
609
580
565
556
556
577
576
568
559
557
583
620
622
621
615
608
607
598
589
567
543
537
546
555
559
574
586
592
584
582
598
606
594
571
556
543
534
531
565
604
617
636
622
595
579
568
572
583
588
585
573
575
581
579
565
549
543
556
577
599
603
574
552
551
554
580
588
580
572
575
593
611
611
586
557
547
551
563
568
574
564
557
574
594
601
597
594
607
615
613
605
591
553
514
512
519
504
500
522
547
573
595
625
646
641
632
617
604
595
592
585
557
529
514
523
540
564
582
591
593
597
600
619
632
604
563
558
583
584
567
552
519
506
527
548
563
571
583
612
631
618
591
568
580
591
569
526
491
488
495
526
567
610
634
643
644
620
578
545
540
535
521
520
533
543
578
610
641
632
607
594
598
585
577
565
542
521
523
558
604
633
628
609
598
600
595
579
551
531
513
507
524
556
592
640
656
634
599
584
591
600
588
566
543
515
485
483
526
572
608
626
631
616
566
541
557
565
571
569
559
548
566
606
615
583
574
579
580
588
605
615
622
610
605
584
551
526
519
533
560
580
598
603
584
564
558
556
545
519
504
530
563
580
591
614
609
588
581
584
585
580
568
553
540
537
551
550
581
595
601
605
608
607
598
590
593
590
574
550
531
515
504
524
551
570
585
596
592
581
570
568
566
550
530
527
537
553
568
588
607
608
601
587
579
574
564
574
592
590
572
561
558
554
550
556
568
569
572
586
598
593
578
551
530
532
544
572
595
601
596
595
591
582
574
570
563
538
532
536
541
556
577
600
617
616
617
616
602
578
558
554
567
566
559
559
551
547
544
561
583
587
592
609
601
557
516
516
549
575
587
583
565
545
537
554
575
581
579
581
575
566
567
579
596
601
596
589
576
541
525
524
554
587
586
596
585
570
585
594
591
579
581
608
615
567
524
501
498
502
519
595
615
584
569
559
551
553
564
587
596
583
562
546
540
538
533
601
608
602
585
572
552
551
570
601
599
571
540
536
544
513
557
616
612
578
545
560
591
583
565
557
540
527
540
553
536
547
587
598
555
521
548
588
600
583
556
540
556
583
551
543
537
577
588
567
557
585
608
601
586
549
540
531
519
501
507
540
566
588
600
630
643
611
559
532
523
532
551
557
541
510
552
600
631
617
598
577
560
550
540
539
536
551
563
577
566
547
559
584
592
577
558
560
568
561
550
556
560
562
565
579
577
534
544
574
582
590
579
569
555
549
556
575
585
570
550
555
568
554
516
550
571
590
608
598
567
550
551
560
562
565
557
563
577
565
524
547
566
583
600
607
588
541
523
533
529
543
550
567
588
589
552
550
556
584
599
589
560
528
509
497
518
540
558
595
616
599
547
554
568
575
587
568
541
532
543
545
561
569
558
595
600
568
571
607
607
575
544
524
515
508
519
547
587
623
629
621
616
607
600
590
563
519
479
467
471
499
542
587
632
639
604
583
583
585
595
589
580
553
539
527
508
492
487
516
543
584
633
638
638
612
582
580
577
580
553
520
501
496
524
587
626
672
646
604
574
558
548
568
552
523
507
494
487
507
543
590
627
632
607
587
572
567
588
603
610
580
537
510
502
497
520
566
600
620
634
622
604
595
608
624
619
577
539
526
512
519
545
560
585
591
590
600
620
617
575
529
488
437
417
451
530
579
620
648
628
604
589
605
612
575
537
499
471
449
452
511
562
608
660
691
661
608
556
537
529
504
467
467
505
519
541
575
612
663
657
608
603
583
557
558
553
539
516
502
507
525
569
609
621
613
598
584
584
584
598
603
598
550
515
515
530
551
583
619
649
647
634
619
599
571
543
514
499
488
490
511
544
565
592
625
631
634
639
636
619
578
550
544
539
504
503
500
532
560
578
600
620
631
624
620
593
570
540
515
510
522
499
471
497
542
598
615
625
635
616
604
572
559
534
523
540
551
540
502
503
525
561
580
590
594
565
572
596
590
567
551
560
571
572
544
528
526
530
540
547
536
526
517
510
512
530
551
575
588
592
596
583
551
530
529
539
532
527
530
522
510
535
588
611
619
626
630
614
579
541
543
558
559
543
555
549
532
541
547
536
524
535
561
553
517
507
519
541
547
553
548
552
536
515
518
551
550
535
529
561
570
554
546
539
530
535
561
573
566
572
551
519
524
546
570
588
599
614
595
540
510
509
525
540
544
561
561
528
519
518
502
511
532
574
579
517
490
496
499
519
529
553
568
556
523
540
545
534
540
568
607
595
535
508
521
539
558
570
583
596
554
527
538
521
498
515
575
617
581
555
551
573
569
581
580
579
547
512
516
522
519
535
578
570
518
510
537
579
566
553
562
563
545
536
540
542
524
536
543
529
521
530
572
588
568
567
573
568
553
560
553
535
534
570
584
550
524
540
566
584
569
554
553
558
545
536
539
561
598
608
574
558
549
548
551
573
589
573
558
547
529
526
544
593
543
500
490
532
545
564
560
577
576
561
572
571
553
554
580
615
599
519
518
555
548
558
559
566
544
519
528
545
551
560
582
596
600
555
523
521
536
538
546
570
563
536
534
539
544
548
586
615
612
539
548
561
560
559
564
577
543
537
560
581
584
583
595
599
575
551
551
557
548
549
552
564
547
524
524
545
572
595
633
625
554
516
512
505
521
535
544
554
533
531
553
581
592
598
617
614
550
512
521
519
523
523
526
526
508
519
560
576
579
606
607
584
551
552
568
573
573
570
568
528
543
545
553
557
581
598
595
568
548
542
545
549
566
561
560
550
509
513
533
542
560
600
622
598
560
554
550
538
536
530
532
525
507
513
537
568
595
629
639
579
525
535
549
545
545
527
529
527
497
512
547
585
620
674
660
581
508
515
505
518
524
505
522
543
540
569
606
632
647
636
568
474
428
450
494
533
547
529
553
565
568
593
591
586
579
572
554
511
492
504
532
559
563
545
558
562
549
562
571
581
572
572
568
551
535
538
559
571
568
555
550
556
538
537
553
566
571
575
588
582
546
540
551
555
543
535
534
540
539
524
539
558
569
575
601
613
588
547
522
548
542
535
544
534
531
512
521
542
559
568
598
628
611
561
537
557
557
543
535
531
526
530
536
547
557
564
587
616
612
573
543
543
557
549
550
550
535
531
524
530
539
556
574
589
601
602
588
565
547
551
551
551
552
545
533
529
518
519
543
572
583
582
583
593
585
567
568
573
571
560
562
547
543
521
515
524
542
563
575
575
570
564
554
548
544
554
569
576
576
552
539
544
525
524
554
563
559
545
543
554
547
538
548
569
588
593
599
591
570
556
558
539
534
540
536
530
530
540
524
497
488
506
539
558
567
565
572
575
563
540
550
545
521
503
527
564
549
536
551
566
591
597
587
606
595
555
537
539
481
452
476
549
555
529
532
554
577
571
602
622
607
550
539
558
515
490
503
536
568
499
495
517
554
590
609
639
668
652
561
544
486
436
449
482
567
539
527
535
550
543
572
598
625
635
582
545
532
496
499
528
553
569
541
491
465
497
557
579
585
608
644
624
566
522
459
448
488
555
599
573
541
512
546
568
585
610
605
583
553
543
531
524
535
562
580
572
500
576
617
635
610
615
600
600
542
545
518
484
480
515
580
557
506
484
512
551
561
578
614
631
581
561
566
528
504
518
553
586
556
516
517
528
553
568
599
632
652
639
599
561
482
428
441
500
583
580
552
522
496
520
585
670
678
636
615
609
597
537
511
510
518
534
558
535
497
478
505
544
578
617
654
662
642
632
597
552
516
496
513
548
569
543
527
508
508
535
579
616
673
691
660
609
574
527
497
499
515
544
566
563
531
523
532
559
584
607
629
633
592
565
565
534
512
516
537
568
577
531
526
532
537
553
583
610
621
624
629
590
552
539
519
524
537
550
563
573
554
530
555
568
564
568
588
606
611
608
601
589
569
543
530
534
530
520
523
529
526
528
521
497
526
558
575
601
627
636
631
616
579
534
531
539
519
514
532
545
546
545
533
524
538
545
559
582
602
607
610
617
592
541
532
551
513
503
524
531
560
551
558
576
583
614
623
620
625
586
592
575
531
515
512
502
490
493
521
561
563
532
555
574
574
581
603
624
615
604
597
568
541
523
507
496
494
509
539
582
553
539
571
579
584
593
617
639
634
604
567
549
522
494
494
519
532
538
557
559
551
571
579
584
587
600
620
626
621
586
537
500
460
429
441
494
554
579
570
596
615
599
602
630
664
670
646
595
532
490
465
445
447
483
551
609
575
537
555
563
549
547
567
593
595
589
608
626
611
580
555
531
523
519
531
555
569
580
593
600
596
591
584
573
552
531
518
512
509
520
547
570
582
591
602
606
599
585
566
556
551
546
537
524
502
505
529
538
548
568
596
620
619
621
632
644
609
603
579
516
441
382
379
406
431
466
530
571
607
629
595
585
583
577
536
595
621
620
582
531
516
521
503
495
505
532
568
582
565
580
596
584
570
593
575
548
518
485
491
483
462
498
547
603
606
610
616
600
590
560
509
478
475
499
528
537
547
567
593
601
612
611
594
585
569
551
544
519
501
510
497
494
529
559
589
595
599
610
602
582
542
483
468
480
480
534
602
632
641
627
639
629
588
546
527
511
479
449
459
479
502
531
576
622
639
629
621
607
582
564
560
558
541
511
485
483
496
502
512
549
573
613
637
642
640
632
611
592
557
516
482
468
473
473
522
560
609
647
664
645
621
595
579
567
544
514
483
465
463
472
504
532
562
597
635
646
626
606
583
553
516
479
470
475
497
542
602
637
628
617
619
613
592
571
552
542
518
477
462
462
465
508
565
627
662
663
654
637
614
588
568
550
527
485
458
460
455
478
537
590
632
651
655
649
624
597
581
567
547
527
497
470
453
449
472
526
570
611
643
657
653
640
626
603
569
544
524
494
476
471
483
525
556
590
632
655
653
638
627
614
587
558
543
534
504
463
446
452
469
503
557
608
639
656
659
659
637
603
574
552
532
517
505
492
476
467
484
524
558
590
620
640
636
628
627
624
611
587
570
561
544
526
513
505
492
492
518
552
577
604
631
647
637
624
617
612
591
562
546
537
529
514
514
527
544
561
572
596
609
611
608
614
626
630
615
591
564
531
512
502
496
494
477
497
531
556
570
572
570
574
581
583
568
559
557
555
547
543
553
569
580
590
604
616
604
590
582
581
582
577
575
572
551
532
525
529
536
547
568
577
582
591
594
582
568
567
572
583
565
535
485
461
471
492
527
567
591
606
619
614
592
571
550
511
463
438
440
446
465
494
518
543
564
563
570
585
588
576
575
580
554
531
527
548
542
503
496
512
525
551
586
604
602
592
577
557
539
528
536
556
552
544
542
551
551
540
541
539
529
515
519
533
536
540
555
567
569
568
577
585
584
581
587
592
589
583
583
580
567
552
547
540
522
505
500
502
503
505
513
523
523
521
535
546
549
571
609
645
669
675
678
664
628
591
563
542
507
476
466
470
480
503
529
546
546
551
573
609
624
628
626
614
591
565
545
515
469
433
433
458
484
513
540
559
576
574
585
585
544
532
563
594
569
529
527
531
507
484
495
515
539
584
581
600
593
572
552
549
544
531
529
541
538
523
515
524
530
538
561
577
578
586
565
544
530
532
524
523
536
560
574
549
524
530
565
573
582
596
572
537
531
507
500
524
547
551
545
528
519
508
510
527
527
523
525
545
512
494
507
546
563
565
556
567
565
542
534
529
514
507
512
513
504
516
525
547
589
572
577
600
592
563
531
524
526
526
537
553
536
536
546
541
511
489
497
504
499
508
538
543
522
517
537
567
564
572
596
556
571
575
571
546
543
547
523
513
499
529
552
551
543
542
535
552
541
511
493
515
536
527
553
588
588
558
525
516
517
520
528
538
543
525
524
529
519
514
525
543
553
558
565
568
567
564
554
544
528
522
534
547
550
541
545
552
542
535
539
545
550
553
555
554
544
537
541
544
536
535
548
559
560
556
554
550
542
532
534
541
539
542
557
567
565
556
555
560
554
550
553
556
552
551
558
567
563
550
547
549
542
540
551
568
573
573
575
573
563
556
564
565
553
538
535
539
541
541
542
537
533
537
555
572
585
591
591
575
560
553
563
564
555
541
543
551
554
556
564
567
554
539
542
551
558
568
585
600
583
563
559
562
558
549
542
536
536
538
556
561
552
539
540
550
559
568
584
593
587
577
577
579
570
558
555
545
535
531
543
557
560
559
560
556
547
545
551
564
573
574
581
589
577
563
560
565
560
549
549
554
555
557
568
571
555
547
550
560
568
568
579
590
584
572
570
574
567
560
556
552
547
546
558
568
566
558
554
552
548
545
556
571
573
577
583
583
570
558
563
568
558
546
548
552
556
558
566
564
551
541
544
550
557
563
579
592
584
567
562
566
563
556
554
551
547
548
562
571
561
551
548
548
543
545
559
578
582
569
561
565
561
556
559
562
560
558
566
571
566
560
558
548
537
534
546
562
572
576
582
576
562
552
553
554
546
538
543
551
552
549
553
556
549
542
545
548
544
545
557
568
570
572
583
592
591
590
596
597
588
577
577
575
567
559
562
565
560
556
562
566
562
559
564
569
568
565
570
573
569
565
569
575
572
566
572
577
572
567
570
574
568
563
567
571
566
561
566
570
566
562
568
572
568
565
570
575
571
566
566
570
567
561
566
569
565
560
564
568
563
559
564
570
566
561
566
571
567
563
567
571
567
563
567
572
567
562
567
570
566
561
566
569
565
561
566
571
566
561
566
571
566
561
565
570
566
562
568
577
580
585
601
618
609
583
577
573
551
526
516
513
528
550
566
590
614
621
612
585
564
541
518
488
463
458
466
485
516
554
578
606
627
609
580
559
516
455
459
486
507
529
546
575
591
599
651
683
659
621
621
568
502
457
475
475
460
463
519
587
613
639
658
668
592
565
550
536
520
515
556
558
518
503
541
551
540
529
533
540
554
552
550
547
543
553
566
578
585
584
575
567
556
550
557
558
551
549
556
557
548
541
545
559
560
581
605
629
643
638
620
593
562
539
536
543
531
525
534
550
563
582
598
608
597
579
582
595
563
534
525
539
527
499
478
476
486
504
532
561
564
561
547
532
531
550
584
594
591
560
528
512
492
473
492
523
563
588
591
571
549
531
545
558
569
562
561
574
555
534
522
524
531
546
563
565
559
550
505
531
545
555
558
571
600
619
609
556
503
483
497
517
504
490
513
539
526
534
541
563
576
571
566
553
556
551
547
548
541
528
524
516
502
504
524
540
531
516
516
519
547
558
596
591
561
537
533
535
531
531
529
534
529
515
525
544
558
567
569
563
545
536
541
557
548
543
534
534
529
527
550
547
536
547
573
614
614
595
567
533
512
502
506
531
547
544
552
550
547
535
551
554
562
563
559
575
573
556
544
545
543
541
555
560
560
559
577
562
530
507
509
566
632
643
649
598
539
476
468
489
498
510
517
533
540
544
547
553
560
584
609
630
606
558
514
490
483
495
520
549
565
578
593
600
588
577
581
583
578
577
589
598
596
579
576
575
565
550
543
536
519
504
499
502
507
516
543
564
569
570
580
598
603
592
604
605
593
588
590
586
571
555
550
548
543
546
552
561
572
589
616
643
650
654
661
649
623
596
578
558
535
521
533
551
572
598
621
630
639
638
632
614
591
571
560
543
533
546
582
611
623
619
617
625
633
641
646
642
624
600
571
531
499
486
500
521
561
602
647
674
687
689
700
675
636
542
491
472
461
478
553
625
635
651
633
619
624
635
655
659
636
599
593
581
575
549
551
575
594
608
613
615
606
600
604
603
600
595
591
586
568
560
578
597
611
639
668
659
617
573
566
584
629
687
693
625
581
559
575
641
612
558
512
473
515
518
585
679
732
759
723
601
595
608
558
563
554
543
539
543
588
647
690
692
670
627
600
605
604
596
600
593
580
591
624
649
653
611
601
604
608
608
605
605
579
550
562
607
639
645
662
657
606
563
612
623
587
566
567
556
557
605
613
668
655
618
566
590
622
619
577
558
561
548
585
592
643
620
599
554
615
659
628
596
556
552
570
581
583
635
633
648
551
571
661
646
591
547
535
585
627
652
663
649
596
495
598
684
677
621
592
584
604
662
671
671
662
619
526
532
565
599
610
568
545
587
583
625
663
699
656
550
543
604
593
606
544
516
519
534
565
636
728
743
715
597
588
636
597
587
528
521
526
519
539
614
719
743
733
638
580
658
596
596
573
534
509
531
536
588
689
745
700
605
551
615
623
585
551
520
527
549
562
558
659
745
765
714
581
527
574
612
542
591
619
591
547
537
587
632
662
669
669
652
599
566
574
586
591
587
568
583
605
614
625
622
609
601
605
609
604
609
634
655
635
605
592
581
571
580
577
568
575
585
615
639
627
625
635
640
626
599
586
586
581
593
621
638
636
611
588
583
590
613
610
590
558
553
574
607
632
643
640
620
576
550
576
613
607
595
588
609
605
540
566
566
573
566
614
642
638
595
572
590
598
597
610
631
625
565
521
562
611
661
620
594
563
575
598
592
593
595
595
593
563
537
559
585
590
585
576
537
533
552
561
601
633
616
588
551
532
605
666
646
570
556
595
607
613
628
638
624
612
624
637
636
603
536
519
520
529
556
594
601
577
565
565
590
590
564
562
592
579
543
549
547
543
590
617
606
611
606
594
593
612
623
582
542
520
524
543
581
597
598
592
590
567
593
647
678
633
546
519
527
548
561
570
571
565
574
591
595
590
590
592
597
580
571
570
571
571
575
574
574
569
575
590
604
591
571
565
558
568
589
588
580
575
574
585
587
557
529
547
563
563
583
595
598
605
613
625
639
644
623
593
569
564
568
574
583
570
559
564
591
597
590
595
595
586
588
604
610
600
584
572
568
551
539
521
530
560
588
614
612
614
636
636
625
602
569
544
542
538
535
505
511
548
589
621
614
584
593
609
611
600
584
556
530
511
525
554
551
550
581
627
639
595
565
565
568
566
572
588
592
581
580
587
584
561
548
568
598
597
600
600
603
606
601
593
561
528
531
551
581
581
556
549
555
561
576
591
614
622
621
600
574
566
577
607
608
535
456
453
472
530
583
587
593
613
632
621
579
565
583
648
697
620
486
453
460
482
532
549
574
605
617
632
608
564
568
605
657
687
654
558
469
470
485
505
542
529
517
526
548
580
604
604
600
601
615
621
570
521
551
599
621
608
592
585
582
562
561
572
586
615
600
546
551
537
540
558
552
555
574
562
556
604
649
658
585
506
516
530
550
569
563
533
552
553
521
551
619
653
648
583
511
504
516
541
562
555
540
561
553
562
611
655
656
592
519
529
538
551
559
562
589
609
609
624
632
586
497
524
528
567
595
609
604
614
575
570
595
606
536
474
478
531
563
578
600
585
574
592
568
556
598
632
595
504
462
479
534
585
594
566
579
605
581
576
603
622
590
516
472
491
524
577
599
586
599
627
602
572
588
620
589
515
458
480
545
567
572
592
611
620
592
556
574
602
599
549
499
491
507
566
571
548
554
579
593
589
575
574
576
572
566
566
566
565
571
582
591
588
582
583
585
582
578
585
592
591
591
600
607
605
601
601
598
585
574
575
571
554
542
539
543
546
564
596
618
624
625
623
608
598
580
563
547
539
545
563
579
565
542
547
575
593
594
577
574
584
577
555
555
553
544
542
544
549
569
588
607
611
601
596
600
585
567
557
558
568
587
625
637
611
604
630
645
658
658
608
498
427
422
456
484
526
589
632
636
630
608
580
575
571
538
499
462
435
455
524
571
596
629
647
633
623
602
562
558
562
561
534
494
484
492
538
572
588
620
629
621
608
596
567
563
551
534
537
517
492
502
527
571
597
609
608
624
631
640
611
572
547
511
494
487
478
495
544
578
599
611
618
598
600
613
619
621
576
521
504
510
501
511
539
573
602
600
606
609
570
555
609
619
573
479
455
485
488
502
541
583
603
606
600
607
611
624
645
632
567
515
499
501
512
508
536
559
571
577
588
579
570
578
579
611
647
627
572
526
497
493
509
521
537
552
576
586
602
573
583
636
644
620
588
554
515
484
505
508
507
534
554
576
592
599
584
611
636
637
627
575
511
446
462
456
457
518
561
610
606
622
599
607
615
645
649
583
494
456
490
487
507
559
589
611
601
580
587
587
563
579
606
594
533
496
511
536
540
579
609
628
621
612
600
598
568
575
583
556
507
508
525
544
575
604
617
623
592
566
560
545
522
550
579
576
542
527
547
546
538
560
604
644
607
579
556
541
543
564
581
553
503
489
512
550
562
581
600
604
627
600
573
527
510
496
567
612
572
532
534
559
564
564
574
577
593
588
567
548
541
535
579
606
584
539
544
574
576
567
577
590
586
582
559
526
529
540
550
594
606
571
549
566
573
565
557
570
571
569
584
600
579
540
559
571
578
568
537
517
515
530
555
583
593
597
612
624
576
530
515
524
547
588
598
568
536
529
553
571
564
560
579
600
611
582
547
556
554
582
616
578
504
475
504
524
529
531
557
579
606
579
544
551
542
589
639
615
539
503
527
549
551
562
576
586
584
583
574
559
575
580
584
604
588
553
527
531
535
539
549
566
564
564
576
582
556
557
583
590
599
590
574
546
537
533
543
553
563
564
576
600
595
552
534
553
583
614
610
575
543
531
548
536
507
505
539
568
594
580
533
551
590
638
646
607
548
514
505
534
547
543
551
560
561
564
588
595
549
506
521
577
638
655
617
579
543
529
543
560
564
563
566
571
570
573
573
571
560
529
529
565
593
599
588
570
552
538
553
572
568
567
574
592
577
555
560
591
616
664
658
601
532
488
501
515
497
499
515
540
568
575
556
562
608
636
666
646
585
532
519
535
536
547
566
584
591
581
558
578
611
668
660
609
560
514
508
524
494
482
505
530
556
585
591
579
608
633
669
673
623
582
558
535
508
494
507
527
534
540
555
565
564
562
568
573
569
564
564
556
531
500
494
527
547
559
567
574
576
577
583
591
602
632
644
646
636
637
640
641
634
623
607
572
533
504
497
496
486
489
505
516
513
506
518
544
615
666
709
697
643
591
563
544
510
457
439
447
457
487
526
551
522
524
603
703
727
660
591
550
523
481
426
415
464
521
567
575
567
526
512
653
681
719
644
574
517
473
448
438
452
506
562
570
564
551
593
642
696
726
643
575
530
501
468
428
401
436
506
559
568
577
551
519
638
665
714
669
596
569
560
541
523
513
517
522
520
519
529
549
561
570
576
572
559
552
573
586
574
588
589
594
609
613
602
575
543
512
515
521
526
546
573
591
594
606
624
608
563
545
529
496
460
449
488
551
597
611
630
639
629
622
595
583
572
589
605
595
558
534
532
527
524
538
577
615
631
627
617
608
594
570
551
538
553
561
553
540
531
545
577
599
608
614
624
628
614
585
563
553
553
550
539
522
504
505
535
575
588
603
618
632
617
599
574
551
520
540
559
561
537
508
521
562
587
599
613
624
617
598
578
567
563
554
539
525
507
510
542
573
599
608
619
638
634
589
574
575
547
528
543
546
530
515
537
573
596
608
632
655
640
595
565
540
520
508
508
563
577
565
555
535
528
530
548
558
583
624
633
601
568
540
539
537
567
599
608
594
554
521
524
526
518
518
553
591
619
610
611
592
555
541
543
574
615
636
634
611
573
535
518
522
524
536
561
590
599
616
629
619
605
587
556
557
559
526
502
504
531
547
563
566
568
587
605
614
628
631
576
546
543
549
569
576
550
538
568
568
542
562
590
617
604
587
595
584
545
538
571
588
590
579
563
560
552
534
542
559
571
582
582
578
580
571
549
553
555
560
585
592
567
528
514
524
512
516
550
575
581
573
559
553
524
492
552
663
676
629
579
558
543
526
506
487
481
483
500
524
544
559
613
657
655
623
612
609
599
590
584
577
559
541
537
539
532
526
529
532
526
521
525
530
525
517
520
527
527
536
575
606
611
621
632
641
637
629
627
625
611
595
584
576
563
552
548
540
513
482
460
448
428
425
437
498
584
634
659
655
649
647
646
637
615
583
568
563
558
553
552
549
530
505
486
474
464
462
480
504
524
545
563
583
607
626
659
675
661
652
661
647
623
603
580
575
553
519
476
440
419
440
462
492
517
534
584
623
629
634
635
630
617
609
591
576
568
551
555
540
496
464
456
468
487
502
530
546
589
624
639
651
645
629
626
624
607
606
583
571
555
520
472
437
419
439
482
517
538
569
615
644
647
637
638
635
616
600
604
593
566
538
512
483
456
437
435
476
496
498
543
590
613
613
627
637
640
628
607
609
609
598
585
560
525
494
477
465
472
486
523
530
527
540
559
580
590
591
599
604
600
591
581
586
588
588
605
600
583
586
568
620
521
508
598
470
559
578
545
537
533
550
554
561
559
559
563
575
575
572
583
583
572
571
575
566
616
675
651
618
552
505
483
486
487
474
473
504
543
582
630
663
655
600
578
505
535
483
622
558
543
571
603
630
631
609
581
575
547
525
515
530
542
543
563
574
574
570
569
582
582
588
599
608
611
610
605
594
573
555
550
551
544
538
544
549
547
547
552
559
555
547
548
557
581
603
607
595
580
574
574
578
573
562
558
558
549
546
555
562
564
571
583
599
602
588
570
543
506
490
505
519
537
561
575
595
633
650
655
640
596
571
573
581
578
576
588
596
600
591
574
551
511
474
452
450
472
504
552
583
586
590
616
651
675
646
641
637
595
543
518
517
521
537
566
579
577
580
598
618
620
580
571
608
645
614
548
510
511
512
533
544
553
572
601
616
623
615
596
613
623
639
609
535
470
448
470
501
510
539
568
599
612
617
609
600
583
632
670
689
658
616
587
548
468
410
381
380
395
444
508
567
616
601
621
632
622
636
646
638
617
595
587
585
566
546
540
540
522
498
497
504
510
536
573
609
627
623
620
622
607
595
592
588
577
567
565
568
565
558
561
568
561
558
565
570
566
567
571
575
574
568
571
574
565
558
563
565
561
560
563
569
569
565
572
579
573
569
574
576
571
567
568
575
577
577
591
611
616
614
614
603
583
566
552
543
532
529
541
561
569
578
593
593
578
562
552
539
509
483
489
510
518
537
568
584
592
610
631
649
653
632
611
597
565
529
508
505
509
527
559
593
610
613
619
639
641
633
617
594
565
539
523
527
541
564
593
617
620
617
619
614
606
596
591
591
581
554
532
523
508
508
534
561
575
590
601
612
612
600
597
611
617
613
620
604
577
553
535
524
512
495
521
553
564
569
595
622
646
651
647
627
608
593
589
581
544
505
474
471
514
524
553
596
611
619
626
643
633
644
620
547
522
552
568
556
525
484
481
519
572
540
587
612
613
614
616
615
614
610
585
550
504
516
545
568
565
547
529
519
514
520
536
574
607
631
641
635
624
614
609
617
612
595
588
560
519
483
473
463
455
539
510
540
602
569
665
724
715
654
579
487
462
465
447
451
520
567
556
589
627
643
659
645
607
574
593
581
524
478
477
514
547
555
569
599
609
620
651
664
631
527
525
484
475
496
565
604
590
582
592
584
586
654
638
573
527
515
517
536
558
576
582
579
569
574
583
610
611
627
608
536
478
455
481
506
572
576
600
629
645
624
622
630
633
594
560
534
494
483
522
590
600
572
578
586
580
627
641
614
568
555
505
494
504
544
570
567
550
563
553
600
614
603
603
583
574
551
555
562
552
557
564
553
572
595
604
598
579
560
588
633
628
594
553
533
497
478
515
585
585
558
570
566
563
584
604
591
626
596
600
574
542
521
508
518
551
581
570
575
578
582
598
599
622
592
579
584
564
545
548
550
556
576
583
547
536
551
591
615
699
499
608
692
665
607
531
498
460
431
480
555
588
582
571
598
600
602
615
585
577
579
545
565
522
544
584
596
577
566
553
553
563
574
590
620
596
595
607
604
580
560
561
567
555
544
548
543
543
542
534
515
510
531
545
575
579
581
593
601
610
613
606
584
579
577
582
587
574
547
536
550
547
501
521
566
597
611
629
649
627
603
618
596
568
522
492
496
520
513
481
528
601
683
655
657
624
566
536
546
529
552
551
545
547
550
507
494
508
555
598
652
633
615
553
552
544
548
553
582
586
564
524
492
506
530
575
620
635
620
563
547
559
542
571
596
611
599
590
546
511
510
560
594
599
596
578
548
567
586
583
550
562
582
601
567
507
492
530
573
642
626
543
554
578
596
550
513
509
544
593
593
532
518
550
596
614
604
593
559
551
575
572
540
549
563
607
625
545
527
544
576
584
591
578
583
550
556
577
568
513
531
594
622
564
532
548
576
596
574
584
582
535
525
550
568
575
560
607
628
569
519
531
561
572
559
565
571
529
505
561
585
632
668
670
595
491
479
516
552
544
585
594
577
524
543
569
597
614
595
577
505
483
510
547
566
574
613
588
554
552
546
573
553
554
599
619
578
553
558
565
563
560
590
591
553
520
523
546
588
625
635
623
560
529
532
542
562
547
564
579
565
536
552
639
537
577
598
597
614
563
543
560
568
577
577
554
552
546
512
515
535
546
555
560
572
564
552
543
543
538
534
541
540
531
524
523
536
550
569
604
622
612
605
612
611
602
591
583
574
563
554
556
560
556
552
558
562
556
550
553
559
556
551
556
562
559
556
564
570
570
567
573
579
575
571
576
584
589
601
626
628
602
570
560
556
547
541
536
516
503
485
495
527
539
548
561
571
572
565
556
547
540
544
556
570
569
563
560
564
566
583
571
602
587
564
577
578
581
567
560
543
528
526
539
554
566
575
587
597
601
606
620
624
584
567
532
452
391
466
517
524
578
629
644
651
632
555
562
601
588
556
543
572
547
531
570
597
637
657
610
575
584
549
531
534
536
527
537
561
570
606
634
622
588
573
564
566
560
554
568
578
556
559
577
629
626
626
622
632
614
582
541
468
472
527
553
559
611
639
664
711
679
614
577
578
547
485
463
527
546
556
538
579
604
621
652
632
608
584
596
599
604
563
505
479
513
566
618
632
625
602
582
583
582
577
588
602
609
609
606
584
540
502
518
564
591
603
621
634
635
630
653
642
582
485
428
407
481
523
569
610
642
670
683
663
621
595
577
551
519
488
472
483
524
556
595
632
661
680
657
602
554
518
494
463
458
513
578
620
640
643
645
634
611
587
570
549
507
468
489
542
577
603
627
671
646
607
589
563
472
412
512
558
579
611
647
704
659
593
564
552
539
533
559
570
556
540
555
584
633
661
660
652
636
606
563
546
507
505
513
527
543
568
601
651
661
667
649
601
595
561
517
502
510
532
555
557
567
580
625
655
636
616
601
592
588
569
539
526
532
553
582
604
608
610
627
628
606
589
586
588
588
594
588
568
537
522
542
569
590
605
626
660
650
610
563
510
500
504
540
590
608
609
622
638
621
590
577
577
561
550
557
573
579
590
596
611
615
600
582
570
569
565
568
579
586
600
613
615
625
613
601
601
612
591
555
535
527
531
558
598
580
585
623
659
624
608
599
604
598
568
556
551
559
583
606
603
567
569
609
665
628
589
589
610
620
573
571
572
592
612
614
589
565
569
588
615
631
598
593
604
560
542
574
605
631
626
583
562
584
595
619
611
606
620
619
609
566
559
579
599
596
548
541
577
594
627
637
623
605
575
593
613
598
588
591
595
570
538
558
592
605
631
624
626
629
606
589
579
578
580
585
585
578
569
589
619
623
610
593
602
620
609
558
556
532
491
522
557
560
564
639
674
691
705
630
573
526
504
507
545
581
612
641
607
565
568
590
636
626
642
618
609
605
575
568
591
615
611
591
569
560
569
603
640
636
590
591
606
625
632
607
595
599
595
578
561
545
559
589
634
654
604
607
621
623
626
613
591
572
570
591
606
594
564
542
576
595
616
644
655
634
597
595
599
587
585
587
588
590
582
577
584
590
593
615
625
608
593
593
594
595
599
604
606
602
596
600
604
598
592
594
596
595
594
601
607
596
582
587
599
603
609
619
623
623
615
615
618
609
600
603
606
598
593
597
599
594
591
595
600
599
597
607
616
612
620
623
615
599
588
588
599
595
573
567
571
579
594
616
620
609
595
589
590
574
574
583
585
587
595
616
632
628
618
602
593
576
562
575
583
564
551
566
590
606
622
633
636
620
599
584
572
568
567
555
563
571
595
617
647
644
618
616
627
607
567
555
557
536
529
534
575
602
637
661
645
613
602
616
607
571
548
563
575
584
594
602
615
615
600
595
583
581
583
588
602
604
575
555
547
534
537
540
552
574
590
599
625
624
632
622
617
613
605
603
604
594
583
583
585
578
570
572
573
564
556
559
564
566
561
572
593
609
623
639
643
628
611
601
597
589
579
579
587
585
571
565
569
600
621
639
651
643
621
581
551
532
515
522
554
551
559
574
601
625
635
648
650
615
587
573
560
545
549
574
592
602
611
622
621
630
616
586
563
540
537
531
553
570
596
624
637
629
607
606
606
581
560
560
560
560
571
585
602
606
607
608
607
601
602
611
598
577
567
570
573
574
586
601
611
614
602
598
598
590
581
581
579
567
560
567
582
593
601
617
630
621
603
590
581
567
557
569
585
590
589
596
607
608
606
609
612
602
583
573
575
560
558
575
605
615
620
625
636
620
592
564
550
551
542
568
575
587
604
611
616
619
609
600
623
612
586
564
555
525
540
560
603
639
641
651
636
606
594
601
598
573
549
546
547
548
547
568
609
627
639
632
615
599
595
591
579
571
574
576
588
592
599
606
615
607
594
595
594
585
578
581
591
591
585
583
581
577
584
596
596
583
575
576
588
599
607
622
637
631
622
627
624
614
610
611
610
599
578
567
565
560
562
574
580
582
588
604
628
645
651
651
642
620
600
586
566
543
525
529
549
543
521
529
561
585
597
624
647
641
622
614
643
651
632
620
605
579
551
524
506
539
575
590
595
607
612
611
628
638
661
675
646
625
613
583
535
504
500
540
573
572
588
623
660
651
652
667
617
586
560
567
616
616
591
574
572
572
574
583
609
637
646
645
673
605
550
548
578
614
641
636
615
599
586
577
581
573
572
586
597
606
625
638
647
603
557
547
555
561
575
592
600
598
603
608
615
617
613
620
630
625
620
624
622
613
605
600
600
596
588
590
592
582
578
592
604
611
620
628
633
628
607
598
601
595
586
583
575
567
570
575
584
615
669
743
760
715
623
539
474
442
457
489
519
568
598
620
633
630
606
592
581
579
574
557
543
536
518
515
556
624
636
624
593
580
611
637
647
639
637
639
632
601
572
544
545
556
563
577
562
537
544
581
624
644
645
654
649
625
596
581
583
603
607
598
588
572
545
560
586
618
640
642
641
619
590
578
572
567
600
644
628
607
590
583
595
608
633
672
667
639
630
601
580
541
529
555
584
571
556
561
587
595
610
642
641
624
608
622
614
577
542
544
583
622
585
555
535
522
524
547
571
593
604
615
624
643
648
625
585
570
580
584
590
599
591
587
604
607
612
633
647
652
659
644
621
600
582
580
577
558
533
515
497
482
494
538
586
630
648
662
676
675
669
684
660
587
573
588
576
555
496
458
451
513
566
576
569
590
629
645
651
666
651
602
576
545
479
452
475
540
627
573
543
540
570
555
591
604
614
626
640
623
559
534
572
619
620
550
533
536
574
596
605
622
627
629
634
622
541
504
550
559
539
511
493
558
582
610
629
631
624
616
570
494
482
522
575
546
524
518
565
594
595
593
615
600
588
587
567
498
478
556
662
649
597
561
589
611
577
585
591
571
569
575
571
525
509
577
689
690
604
544
553
560
554
569
583
568
564
575
572
548
554
612
677
654
604
551
540
563
545
560
579
572
569
595
592
558
540
582
689
687
620
556
542
573
548
574
592
574
555
576
577
552
550
582
648
691
649
583
538
537
541
538
559
569
553
557
588
587
554
563
589
624
660
657
627
588
572
555
567
567
567
567
602
628
602
572
578
571
556
607
630
615
588
592
606
613
578
576
606
600
564
563
574
552
528
524
519
540
647
673
635
587
569
597
607
595
587
588
570
546
556
580
586
578
572
563
556
572
607
584
551
554
575
592
604
597
609
606
584
597
603
597
572
553
540
591
640
582
535
551
571
581
599
584
610
601
575
588
565
509
454
476
579
556
563
582
639
657
627
590
593
582
569
573
564
519
456
457
519
559
596
635
659
668
609
569
582
561
556
572
586
551
536
516
573
552
518
561
588
591
603
583
595
635
610
568
527
542
526
490
517
575
614
598
601
587
590
594
560
558
562
568
563
565
561
576
558
551
588
611
606
619
625
642
615
620
617
600
583
573
513
448
470
537
521
547
577
567
584
590
573
575
576
559
547
561
543
522
494
513
585
625
636
619
600
624
629
596
600
598
573
573
586
549
522
509
552
611
609
614
599
625
646
611
574
578
587
551
534
551
520
485
508
583
603
592
581
586
604
593
566
568
566
553
563
591
569
547
556
612
647
614
572
553
577
575
551
575
590
589
592
616
588
555
553
602
639
598
572
549
558
580
576
566
579
581
562
583
612
580
556
559
582
620
590
553
539
546
566
578
569
567
571
571
580
582
531
483
528
583
593
595
591
578
604
602
582
605
618
603
608
620
554
519
516
555
611
606
588
552
568
595
583
578
588
587
584
598
550
520
536
567
620
591
562
529
544
574
592
570
574
580
569
572
583
566
563
556
562
614
608
549
523
536
553
548
544
562
568
577
590
572
576
568
537
540
552
559
617
635
627
624
604
604
603
601
603
600
590
583
548
540
555
563
566
572
571
566
575
585
594
586
567
559
560
555
580
594
592
573
572
574
513
441
457
499
546
592
612
644
648
623
600
584
582
548
489
501
495
419
457
509
559
583
573
591
587
597
608
588
593
534
504
547
533
502
533
567
635
667
632
597
550
536
545
567
564
537
563
576
515
516
535
566
604
558
552
560
579
584
575
610
611
604
582
493
447
469
501
591
582
590
582
570
556
584
592
594
594
600
549
492
484
496
545
575
563
613
593
587
581
553
566
582
594
584
553
487
496
526
550
567
561
616
604
590
541
534
548
564
586
606
561
548
562
568
589
571
553
558
547
546
543
527
550
586
636
653
591
556
549
557
581
569
599
585
546
520
548
537
562
599
640
648
581
532
540
549
568
537
545
576
539
528
558
551
581
610
653
666
598
537
538
541
547
583
588
568
524
549
577
600
619
639
655
591
497
481
503
534
535
583
626
599
550
500
516
555
601
671
656
521
493
508
549
595
580
579
553
516
536
585
628
646
642
643
581
508
487
510
540
553
544
588
604
584
563
577
576
607
632
622
579
544
501
518
553
563
554
563
577
555
563
581
611
602
586
589
592
584
587
587
568
545
541
555
575
576
553
559
563
560
568
605
632
622
607
610
631
626
546
488
471
479
520
549
575
624
626
613
610
563
545
568
583
601
583
534
521
527
550
569
559
567
567
572
583
582
574
572
586
625
639
563
515
519
545
577
544
555
558
568
574
572
553
572
615
655
618
546
515
518
542
537
539
549
551
558
580
589
583
603
638
654
609
540
511
521
542
511
567
575
558
563
593
580
600
615
627
624
549
517
525
545
557
558
590
583
536
526
559
563
590
618
655
633
553
517
523
534
560
592
587
590
545
521
549
571
585
612
655
639
538
468
469
478
506
536
591
602
589
588
578
564
564
558
574
612
589
534
530
549
555
571
597
586
554
525
542
566
572
582
585
607
660
617
554
536
552
564
535
561
568
543
534
546
559
571
593
619
650
593
567
567
575
571
542
568
575
543
532
529
529
536
583
670
683
620
572
586
568
558
574
588
545
517
531
555
551
569
630
674
625
548
548
542
522
530
577
580
559
590
599
569
614
643
624
524
520
564
552
533
562
599
598
572
552
528
539
598
635
636
570
538
532
530
564
584
612
665
674
644
595
567
560
515
500
524
556
590
606
623
618
604
568
489
455
471
512
561
586
570
563
562
574
575
583
589
589
607
595
594
561
540
563
580
579
560
530
536
554
565
587
607
601
615
644
630
542
514
548
580
593
565
579
574
578
589
615
578
544
557
608
583
526
498
541
556
536
544
559
562
556
556
552
560
589
642
595
543
515
535
536
534
569
593
579
563
580
585
596
627
678
650
521
486
485
512
513
541
574
572
559
592
600
595
606
638
647
562
494
471
499
520
545
567
570
563
540
542
560
569
582
595
598
588
578
579
583
583
582
591
600
592
585
586
583
573
563
569
582
580
579
585
600
600
595
593
598
595
598
615
614
580
545
517
516
527
544
595
628
623
599
589
585
570
560
561
565
564
566
581
605
563
519
513
532
543
556
564
588
590
587
588
583
558
541
559
609
636
571
534
534
551
561
575
568
568
554
546
554
566
582
617
647
654
592
538
501
532
547
560
558
572
579
591
587
579
548
572
614
647
606
547
530
546
551
571
564
563
549
549
565
583
591
596
617
659
633
551
500
510
513
531
536
545
543
543
566
574
588
600
600
610
632
639
577
532
526
552
568
556
569
573
553
551
560
598
622
620
624
622
567
550
540
561
575
553
547
552
550
550
551
558
553
566
601
642
632
591
564
572
563
555
553
557
546
538
539
555
572
595
595
606
630
613
575
566
570
563
553
560
580
574
549
536
542
537
552
593
639
636
613
606
585
575
561
564
572
563
550
552
557
557
556
562
568
564
560
563
569
558
548
557
579
590
603
615
650
640
615
605
607
606
577
559
551
536
528
550
610
633
602
588
608
620
609
590
574
558
539
539
543
536
541
581
617
620
620
623
614
590
574
558
572
572
571
575
572
563
560
610
638
616
555
519
533
542
554
588
607
609
597
594
580
559
550
563
588
605
605
603
599
589
579
580
581
575
572
573
575
572
568
572
577
575
574
582
586
584
581
583
590
587
582
588
596
593
590
595
601
596
594
599
602
599
594
600
604
598
592
598
601
599
598
605
612
610
603
604
607
600
594
598
603
600
597
600
607
605
600
602
605
600
591
593
592
590
595
605
606
599
593
597
603
599
593
600
607
605
605
606
608
604
599
605
611
606
603
605
607
604
601
604
609
607
601
607
611
607
602
606
610
605
600
604
612
608
603
608
613
606
601
607
612
608
602
605
612
612
610
613
615
608
604
609
611
606
600
600
600
591
583
584
586
579
572
592
600
620
635
639
631
607
593
598
606
604
602
606
608
608
609
611
612
604
597
595
595
589
588
594
596
588
571
559
567
568
555
551
556
556
571
609
636
641
638
642
650
652
646
643
634
608
583
572
557
538
536
550
566
566
565
579
591
600
623
651
670
668
657
653
650
635
615
603
591
571
553
549
551
547
547
560
580
595
611
636
656
661
657
655
645
628
610
601
587
568
552
554
560
562
566
581
596
607
616
631
641
640
637
641
644
632
618
612
604
591
580
579
580
571
568
575
590
592
591
601
610
607
605
612
621
623
625
630
632
627
631
636
630
621
609
607
605
602
599
592
594
585
582
588
591
581
569
576
592
601
610
615
618
607
585
577
590
595
601
612
615
605
599
606
613
615
624
644
662
665
661
649
635
619
597
571
543
507
480
470
492
512
540
584
633
661
674
694
704
702
672
610
563
536
514
510
509
510
508
534
590
591
628
642
655
671
655
646
649
633
591
575
571
546
522
514
512
512
532
587
585
587
629
653
633
602
598
611
605
585
569
555
544
528
518
547
588
609
612
614
639
651
634
616
608
582
551
548
554
548
550
562
583
616
621
627
634
628
617
623
628
612
597
588
571
543
513
507
543
571
569
584
603
620
620
613
619
613
594
588
578
569
556
520
518
559
592
593
579
575
579
582
579
579
579
586
590
583
565
555
553
551
569
598
589
583
579
599
611
604
623
643
620
576
551
560
556
554
575
601
578
568
551
587
625
636
616
593
559
544
542
538
523
517
566
622
611
591
576
594
623
650
605
569
537
509
497
497
563
667
670
639
574
569
572
581
581
561
527
521
526
516
543
613
685
650
632
593
575
537
547
548
544
569
585
566
557
570
597
575
534
530
576
633
644
620
575
518
491
461
445
543
679
666
595
556
587
585
579
578
518
473
488
498
528
575
653
688
617
555
554
591
617
631
635
583
552
532
509
519
553
600
636
601
557
540
582
599
612
591
587
574
564
527
504
481
534
608
621
596
562
614
615
590
585
563
539
536
551
542
521
549
589
628
616
596
588
587
577
572
583
588
580
571
539
496
467
501
547
554
533
538
590
635
683
666
634
616
572
536
505
511
550
595
568
537
519
552
568
586
576
591
593
578
546
508
493
529
593
648
609
540
515
570
619
607
616
618
587
557
532
495
492
541
596
601
608
639
612
592
590
570
545
532
547
549
507
499
540
611
600
574
526
597
582
579
578
556
521
507
540
547
539
561
615
647
619
608
626
607
579
558
563
551
521
532
533
514
524
569
622
612
608
592
613
602
571
547
545
518
481
503
521
531
558
629
646
617
573
581
581
555
524
534
527
510
514
535
556
563
563
568
575
567
563
571
572
562
553
555
558
552
543
548
551
545
538
543
547
544
542
549
557
556
557
566
572
569
564
567
570
563
555
555
556
550
543
547
552
547
543
549
555
552
548
553
557
552
547
551
555
551
546
550
554
550
545
550
554
550
546
551
555
551
547
552
557
553
550
553
558
555
551
555
560
555
551
558
560
555
551
555
559
555
553
555
556
551
546
551
554
550
546
551
556
553
548
552
557
552
546
551
556
550
546
550
555
551
546
551
556
550
545
551
555
550
546
550
555
550
545
550
554
550
547
551
556
550
547
550
555
551
547
551
556
551
547
551
556
550
545
547
553
548
543
548
554
550
545
550
553
548
543
547
551
547
542
546
551
547
543
547
552
548
544
548
553
551
547
552
558
554
549
553
556
551
545
548
552
548
543
548
552
548
543
548
553
548
544
548
554
549
544
549
553
548
544
549
553
550
545
548
554
549
545
548
554
548
545
549
553
549
545
549
554
549
544
548
553
548
543
